550 100
0.0 0.0 0.0 0.0 0.0 0.0 0.0 0.0 -0.13 -0.58 0.04 0.9 -0.64 -0.11 0.13 0.58 -0.04 -0.9 0.64 0.11
0.0 0.0 0.0 0.0 0.0 0.0 0.0 0.0 -0.13 -0.58 0.04 0.9 -0.64 -0.11 0.13 0.58 -0.04 -0.9 0.64 0.11
0.0 0.0 0.0 0.0 0.0 0.0 0.0 0.0 -0.13 -0.58 0.04 0.9 -0.64 -0.11 0.13 0.58 -0.04 -0.9 0.64 0.11
0.0 0.0 0.0 0.0 0.0 0.0 0.0 0.0 -0.13 -0.58 0.04 0.9 -0.64 -0.11 0.13 0.58 -0.04 -0.9 0.64 0.11
0.0 0.0 0.0 0.0 0.0 0.0 0.0 0.0 -0.13 -0.58 0.04 0.9 -0.64 -0.11 0.13 0.58 -0.04 -0.9 0.64 0.11
0.0 0.0 0.0 0.0 0.0 0.0 0.0 0.0 -0.13 -0.58 0.04 0.9 -0.64 -0.11 0.13 0.58 -0.04 -0.9 0.64 0.11
0.0 0.0 0.0 0.0 0.0 0.0 0.0 0.0 -0.13 -0.58 0.04 0.9 -0.64 -0.11 0.13 0.58 -0.04 -0.9 0.64 0.11
0.0 0.0 0.0 0.0 0.0 0.0 0.0 0.0 -0.13 -0.58 0.04 0.9 -0.64 -0.11 0.13 0.58 -0.04 -0.9 0.64 0.11
0.0 0.0 0.0 0.0 0.0 0.0 0.0 0.0 -0.13 -0.58 0.04 0.9 -0.64 -0.11 0.13 0.58 -0.04 -0.9 0.64 0.11
0.0 0.0 0.0 0.0 0.0 0.0 0.0 0.0 -0.13 -0.58 0.04 0.9 -0.64 -0.11 0.13 0.58 -0.04 -0.9 0.64 0.11
0.0 0.0 0.0 0.0 0.0 0.0 0.0 0.0 -0.13 -0.58 0.04 0.9 -0.64 -0.11 0.13 0.58 -0.04 -0.9 0.64 0.11
0.0 0.0 0.0 0.0 0.0 0.0 0.0 0.0 -0.13 -0.58 0.04 0.9 -0.64 -0.11 0.13 0.58 -0.04 -0.9 0.64 0.11
0.0 0.0 0.0 0.0 0.0 0.0 0.0 0.0 -0.13 -0.58 0.04 0.9 -0.64 -0.11 0.13 0.58 -0.04 -0.9 0.64 0.11
0.0 0.0 0.0 0.0 0.0 0.0 0.0 0.0 -0.13 -0.58 0.04 0.9 -0.64 -0.11 0.13 0.58 -0.04 -0.9 0.64 0.11
0.0 0.0 0.0 0.0 0.0 0.0 0.0 0.0 -0.13 -0.58 0.04 0.9 -0.64 -0.11 0.13 0.58 -0.04 -0.9 0.64 0.11
0.0 0.0 0.0 0.0 0.0 0.0 0.0 0.0 -0.13 -0.58 0.04 0.9 -0.64 -0.11 0.13 0.58 -0.04 -0.9 0.64 0.11
0.0 0.0 0.0 0.0 0.0 0.0 0.0 0.0 -0.13 -0.58 0.04 0.9 -0.64 -0.11 0.13 0.58 -0.04 -0.9 0.64 0.11
0.0 0.0 0.0 0.0 0.0 0.0 0.0 0.0 -0.13 -0.58 0.04 0.9 -0.64 -0.11 0.13 0.58 -0.04 -0.9 0.64 0.11
0.0 0.0 0.0 0.0 0.0 0.0 0.0 0.0 -0.13 -0.58 0.04 0.9 -0.64 -0.11 0.13 0.58 -0.04 -0.9 0.64 0.11
0.0 0.0 0.0 0.0 0.0 0.0 0.0 0.0 -0.13 -0.58 0.04 0.9 -0.64 -0.11 0.13 0.58 -0.04 -0.9 0.64 0.11
0.0 0.0 0.0 0.0 0.0 0.0 0.0 0.0 -0.13 -0.58 0.04 0.9 -0.64 -0.11 0.13 0.58 -0.04 -0.9 0.64 0.11
0.0 0.0 0.0 0.0 0.0 0.0 0.0 0.0 -0.13 -0.58 0.04 0.9 -0.64 -0.11 0.13 0.58 -0.04 -0.9 0.64 0.11
0.0 0.0 0.0 0.0 0.0 0.0 0.0 0.0 -0.13 -0.58 0.04 0.9 -0.64 -0.11 0.13 0.58 -0.04 -0.9 0.64 0.11
0.0 0.0 0.0 0.0 0.0 0.0 0.0 0.0 -0.13 -0.58 0.04 0.9 -0.64 -0.11 0.13 0.58 -0.04 -0.9 0.64 0.11
0.0 0.0 0.0 0.0 0.0 0.0 0.0 0.0 -0.13 -0.58 0.04 0.9 -0.64 -0.11 0.13 0.58 -0.04 -0.9 0.64 0.11
0.0 0.0 0.0 0.0 0.0 0.0 0.0 0.0 -0.13 -0.58 0.04 0.9 -0.64 -0.11 0.13 0.58 -0.04 -0.9 0.64 0.11
0.0 0.0 0.0 0.0 0.0 0.0 0.0 0.0 -0.13 -0.58 0.04 0.9 -0.64 -0.11 0.13 0.58 -0.04 -0.9 0.64 0.11
0.0 0.0 0.0 0.0 0.0 0.0 0.0 0.0 -0.13 -0.58 0.04 0.9 -0.64 -0.11 0.13 0.58 -0.04 -0.9 0.64 0.11
0.0 0.0 0.0 0.0 0.0 0.0 0.0 0.0 -0.13 -0.58 0.04 0.9 -0.64 -0.11 0.13 0.58 -0.04 -0.9 0.64 0.11
0.0 0.0 0.0 0.0 0.0 0.0 0.0 0.0 -0.13 -0.58 0.04 0.9 -0.64 -0.11 0.13 0.58 -0.04 -0.9 0.64 0.11
0.0 0.0 0.0 0.0 0.0 0.0 0.0 0.0 -0.13 -0.58 0.04 0.9 -0.64 -0.11 0.13 0.58 -0.04 -0.9 0.64 0.11
0.0 0.0 0.0 0.0 0.0 0.0 0.0 0.0 -0.13 -0.58 0.04 0.9 -0.64 -0.11 0.13 0.58 -0.04 -0.9 0.64 0.11
0.0 0.0 0.0 0.0 0.0 0.0 0.0 0.0 -0.13 -0.58 0.04 0.9 -0.64 -0.11 0.13 0.58 -0.04 -0.9 0.64 0.11
0.0 0.0 0.0 0.0 0.0 0.0 0.0 0.0 -0.13 -0.58 0.04 0.9 -0.64 -0.11 0.13 0.58 -0.04 -0.9 0.64 0.11
0.0 0.0 0.0 0.0 0.0 0.0 0.0 0.0 -0.13 -0.58 0.04 0.9 -0.64 -0.11 0.13 0.58 -0.04 -0.9 0.64 0.11
0.0 0.0 0.0 0.0 0.0 0.0 0.0 0.0 -0.13 -0.58 0.04 0.9 -0.64 -0.11 0.13 0.58 -0.04 -0.9 0.64 0.11
0.0 0.0 0.0 0.0 0.0 0.0 0.0 0.0 -0.13 -0.58 0.04 0.9 -0.64 -0.11 0.13 0.58 -0.04 -0.9 0.64 0.11
0.0 0.0 0.0 0.0 0.0 0.0 0.0 0.0 -0.13 -0.58 0.04 0.9 -0.64 -0.11 0.13 0.58 -0.04 -0.9 0.64 0.11
0.0 0.0 0.0 0.0 0.0 0.0 0.0 0.0 -0.13 -0.58 0.04 0.9 -0.64 -0.11 0.13 0.58 -0.04 -0.9 0.64 0.11
0.0 0.0 0.0 0.0 0.0 0.0 0.0 0.0 -0.13 -0.58 0.04 0.9 -0.64 -0.11 0.13 0.58 -0.04 -0.9 0.64 0.11
0.0 0.0 0.0 0.0 0.0 0.0 0.0 0.0 -0.13 -0.58 0.04 0.9 -0.64 -0.11 0.13 0.58 -0.04 -0.9 0.64 0.11
0.0 0.0 0.0 0.0 0.0 0.0 0.0 0.0 -0.13 -0.58 0.04 0.9 -0.64 -0.11 0.13 0.58 -0.04 -0.9 0.64 0.11
0.0 0.0 0.0 0.0 0.0 0.0 0.0 0.0 -0.13 -0.58 0.04 0.9 -0.64 -0.11 0.13 0.58 -0.04 -0.9 0.64 0.11
0.0 0.0 0.0 0.0 0.0 0.0 0.0 0.0 -0.13 -0.58 0.04 0.9 -0.64 -0.11 0.13 0.58 -0.04 -0.9 0.64 0.11
0.0 0.0 0.0 0.0 0.0 0.0 0.0 0.0 -0.13 -0.58 0.04 0.9 -0.64 -0.11 0.13 0.58 -0.04 -0.9 0.64 0.11
0.0 0.0 0.0 0.0 0.0 0.0 0.0 0.0 -0.13 -0.58 0.04 0.9 -0.64 -0.11 0.13 0.58 -0.04 -0.9 0.64 0.11
0.0 0.0 0.0 0.0 0.0 0.0 0.0 0.0 -0.13 -0.58 0.04 0.9 -0.64 -0.11 0.13 0.58 -0.04 -0.9 0.64 0.11
0.0 0.0 0.0 0.0 0.0 0.0 0.0 0.0 -0.13 -0.58 0.04 0.9 -0.64 -0.11 0.13 0.58 -0.04 -0.9 0.64 0.11
0.0 0.0 0.0 0.0 0.0 0.0 0.0 0.0 -0.13 -0.58 0.04 0.9 -0.64 -0.11 0.13 0.58 -0.04 -0.9 0.64 0.11
0.0 0.0 0.0 0.0 0.0 0.0 0.0 0.0 -0.13 -0.58 0.04 0.9 -0.64 -0.11 0.13 0.58 -0.04 -0.9 0.64 0.11
0.0 0.0 0.0 0.0 0.0 0.0 0.0 0.0 -0.13 -0.58 0.04 0.9 -0.64 -0.11 0.13 0.58 -0.04 -0.9 0.64 0.11
0.0 0.0 0.0 0.0 0.0 0.0 0.0 0.0 -0.13 -0.58 0.04 0.9 -0.64 -0.11 0.13 0.58 -0.04 -0.9 0.64 0.11
0.0 0.0 0.0 0.0 0.0 0.0 0.0 0.0 -0.13 -0.58 0.04 0.9 -0.64 -0.11 0.13 0.58 -0.04 -0.9 0.64 0.11
0.0 0.0 0.0 0.0 0.0 0.0 0.0 0.0 -0.13 -0.58 0.04 0.9 -0.64 -0.11 0.13 0.58 -0.04 -0.9 0.64 0.11
0.0 0.0 0.0 0.0 0.0 0.0 0.0 0.0 -0.13 -0.58 0.04 0.9 -0.64 -0.11 0.13 0.58 -0.04 -0.9 0.64 0.11
0.0 0.0 0.0 0.0 0.0 0.0 0.0 0.0 -0.13 -0.58 0.04 0.9 -0.64 -0.11 0.13 0.58 -0.04 -0.9 0.64 0.11
0.0 0.0 0.0 0.0 0.0 0.0 0.0 0.0 -0.13 -0.58 0.04 0.9 -0.64 -0.11 0.13 0.58 -0.04 -0.9 0.64 0.11
0.0 0.0 0.0 0.0 0.0 0.0 0.0 0.0 -0.13 -0.58 0.04 0.9 -0.64 -0.11 0.13 0.58 -0.04 -0.9 0.64 0.11
0.0 0.0 0.0 0.0 0.0 0.0 0.0 0.0 -0.13 -0.58 0.04 0.9 -0.64 -0.11 0.13 0.58 -0.04 -0.9 0.64 0.11
0.0 0.0 0.0 0.0 0.0 0.0 0.0 0.0 -0.13 -0.58 0.04 0.9 -0.64 -0.11 0.13 0.58 -0.04 -0.9 0.64 0.11
0.0 0.0 0.0 0.0 0.0 0.0 0.0 0.0 -0.13 -0.58 0.04 0.9 -0.64 -0.11 0.13 0.58 -0.04 -0.9 0.64 0.11
0.0 0.0 0.0 0.0 0.0 0.0 0.0 0.0 -0.12 -0.58 0.04 0.9 -0.64 -0.11 0.13 0.58 -0.04 -0.9 0.64 0.11
0.0 0.0 0.0 0.0 0.0 0.0 0.0 0.0 -0.12 -0.58 0.04 0.9 -0.64 -0.11 0.13 0.58 -0.04 -0.9 0.64 0.11
0.0 0.0 0.0 0.0 0.0 0.0 0.0 0.0 -0.12 -0.58 0.04 0.9 -0.64 -0.1 0.14 0.58 -0.04 -0.9 0.64 0.11
0.0 0.0 0.0 0.0 0.0 0.0 0.0 0.0 -0.12 -0.58 0.04 0.9 -0.64 -0.1 0.14 0.58 -0.04 -0.9 0.64 0.11
0.0 0.0 0.0 0.0 0.0 0.0 0.0 0.0 -0.12 -0.58 0.04 0.9 -0.64 -0.1 0.14 0.58 -0.04 -0.9 0.64 0.11
0.0 0.0 0.0 0.0 0.0 0.0 0.0 0.0 -0.12 -0.58 0.04 0.9 -0.64 -0.1 0.14 0.58 -0.04 -0.9 0.64 0.11
0.0 0.0 0.0 0.0 0.0 0.0 0.0 0.0 -0.11 -0.58 0.04 0.9 -0.64 -0.1 0.14 0.58 -0.04 -0.9 0.64 0.11
0.0 0.0 0.0 0.0 0.0 0.0 0.0 0.0 -0.11 -0.58 0.04 0.9 -0.64 -0.1 0.14 0.58 -0.04 -0.9 0.64 0.11
0.0 0.0 0.0 0.0 0.0 0.0 0.0 0.0 -0.11 -0.58 0.04 0.9 -0.64 -0.09 0.14 0.58 -0.04 -0.9 0.64 0.11
0.0 0.0 0.0 0.0 0.0 0.0 0.0 0.0 -0.1 -0.58 0.04 0.9 -0.64 -0.09 0.15 0.58 -0.04 -0.9 0.64 0.11
0.0 0.0 0.0 0.0 0.0 0.0 0.0 0.0 -0.1 -0.58 0.04 0.9 -0.64 -0.09 0.15 0.58 -0.04 -0.9 0.64 0.11
0.0 0.0 0.0 0.0 0.0 0.0 0.0 0.0 -0.1 -0.58 0.04 0.9 -0.64 -0.09 0.15 0.58 -0.04 -0.9 0.64 0.11
0.0 0.0 0.0 0.0 0.0 0.0 0.0 0.0 -0.09 -0.58 0.04 0.9 -0.64 -0.09 0.15 0.58 -0.04 -0.9 0.64 0.11
0.0 0.0 0.0 0.0 0.0 0.0 0.0 0.0 -0.09 -0.58 0.04 0.9 -0.64 -0.08 0.15 0.58 -0.04 -0.9 0.64 0.11
0.0 0.0 0.0 0.0 0.0 0.0 0.0 0.0 -0.09 -0.58 0.04 0.9 -0.64 -0.08 0.16 0.58 -0.04 -0.9 0.64 0.11
0.0 0.0 0.0 0.0 0.0 0.0 0.0 0.0 -0.08 -0.58 0.04 0.9 -0.64 -0.08 0.16 0.58 -0.04 -0.9 0.64 0.11
0.0 0.0 0.0 0.0 0.0 0.0 0.0 0.0 -0.08 -0.58 0.04 0.9 -0.64 -0.07 0.16 0.58 -0.04 -0.9 0.64 0.11
0.0 0.0 0.0 0.0 0.0 0.0 0.0 0.0 -0.07 -0.58 0.04 0.9 -0.64 -0.07 0.17 0.58 -0.04 -0.9 0.64 0.11
0.0 0.0 0.0 0.0 0.0 0.0 0.0 0.0 -0.07 -0.58 0.04 0.9 -0.64 -0.07 0.17 0.58 -0.04 -0.9 0.64 0.11
0.0 0.0 0.0 0.0 0.0 0.0 0.0 0.0 -0.06 -0.58 0.04 0.9 -0.64 -0.06 0.17 0.58 -0.04 -0.9 0.64 0.11
0.0 0.0 0.0 0.0 0.0 0.0 0.0 0.0 -0.06 -0.58 0.04 0.9 -0.64 -0.06 0.18 0.58 -0.04 -0.9 0.64 0.11
0.0 0.0 0.0 0.0 0.0 0.0 0.0 0.0 -0.05 -0.58 0.04 0.9 -0.64 -0.06 0.18 0.58 -0.04 -0.9 0.64 0.11
0.0 0.0 0.0 0.0 0.0 0.0 0.0 0.0 -0.05 -0.58 0.04 0.9 -0.64 -0.05 0.18 0.58 -0.04 -0.9 0.64 0.11
0.0 0.0 0.0 0.0 0.0 0.0 0.0 0.0 -0.04 -0.58 0.04 0.9 -0.64 -0.05 0.19 0.58 -0.04 -0.9 0.64 0.11
0.0 0.0 0.0 0.0 0.0 0.0 0.0 0.0 -0.03 -0.58 0.04 0.9 -0.64 -0.04 0.19 0.58 -0.04 -0.9 0.64 0.11
0.0 0.0 0.0 0.0 0.0 0.0 0.0 0.0 -0.03 -0.58 0.04 0.9 -0.64 -0.04 0.19 0.58 -0.04 -0.9 0.64 0.11
0.0 0.0 0.0 0.0 0.0 0.0 0.0 0.0 -0.02 -0.58 0.04 0.9 -0.64 -0.04 0.2 0.58 -0.04 -0.9 0.64 0.11
0.0 0.0 0.0 0.0 0.0 0.0 0.0 0.0 -0.02 -0.58 0.04 0.9 -0.64 -0.03 0.2 0.58 -0.04 -0.9 0.64 0.11
0.0 0.0 0.0 0.0 0.0 0.0 0.0 0.0 -0.01 -0.58 0.04 0.9 -0.64 -0.03 0.21 0.58 -0.04 -0.9 0.64 0.11
0.0 0.0 0.0 0.0 0.0 0.0 0.0 0.0 -0.0 -0.58 0.04 0.9 -0.64 -0.02 0.21 0.58 -0.04 -0.9 0.64 0.11
0.0 0.0 0.0 0.0 0.0 0.0 0.0 0.0 0.0 -0.58 0.04 0.9 -0.64 -0.02 0.21 0.58 -0.04 -0.9 0.64 0.11
0.0 0.0 0.0 0.0 0.0 0.0 0.0 0.0 0.01 -0.58 0.04 0.9 -0.64 -0.01 0.22 0.58 -0.04 -0.9 0.64 0.11
0.0 0.0 0.0 0.0 0.0 0.0 0.0 0.0 0.02 -0.58 0.04 0.9 -0.64 -0.01 0.22 0.58 -0.04 -0.9 0.64 0.11
0.0 0.0 0.0 0.0 0.0 0.0 0.0 0.0 0.02 -0.58 0.04 0.9 -0.64 -0.0 0.23 0.58 -0.04 -0.9 0.64 0.11
0.0 0.0 0.0 0.0 0.0 0.0 0.0 0.0 0.03 -0.58 0.04 0.9 -0.64 0.0 0.23 0.58 -0.04 -0.9 0.64 0.11
0.0 0.0 0.0 0.0 0.0 0.0 0.0 0.0 0.04 -0.58 0.04 0.9 -0.64 0.01 0.24 0.58 -0.04 -0.9 0.64 0.11
0.0 0.0 0.0 0.0 0.0 0.0 0.0 0.0 0.05 -0.58 0.04 0.9 -0.64 0.01 0.24 0.58 -0.04 -0.9 0.64 0.11
0.0 0.0 0.0 0.0 0.0 0.0 0.0 0.0 0.05 -0.58 0.04 0.9 -0.64 0.02 0.25 0.58 -0.04 -0.9 0.64 0.11
0.0 0.0 0.0 0.0 0.0 0.0 0.0 0.0 0.06 -0.58 0.04 0.9 -0.64 0.02 0.25 0.58 -0.04 -0.9 0.64 0.11
0.0 0.0 0.0 0.0 0.0 0.0 0.0 0.0 0.07 -0.58 0.04 0.9 -0.64 0.02 0.25 0.58 -0.04 -0.9 0.64 0.11
0.0 0.0 0.0 0.0 0.0 0.0 0.0 0.0 0.07 -0.58 0.04 0.9 -0.64 0.03 0.26 0.58 -0.04 -0.9 0.64 0.11
0.0 0.0 0.0 0.0 0.0 0.0 0.0 0.0 0.08 -0.58 0.04 0.9 -0.64 0.03 0.26 0.58 -0.04 -0.9 0.64 0.11
0.0 0.0 0.0 0.0 0.0 0.0 0.0 0.0 0.09 -0.58 0.04 0.9 -0.64 0.04 0.27 0.58 -0.04 -0.9 0.64 0.11
0.0 0.0 0.0 0.0 0.0 0.0 0.0 0.0 0.1 -0.58 0.04 0.9 -0.64 0.04 0.27 0.58 -0.04 -0.9 0.64 0.11
0.0 0.0 0.0 0.0 0.0 0.0 0.0 0.0 0.1 -0.58 0.04 0.9 -0.64 0.05 0.28 0.58 -0.04 -0.9 0.64 0.11
0.0 0.0 0.0 0.0 0.0 0.0 0.0 0.0 0.11 -0.58 0.04 0.9 -0.64 0.05 0.28 0.58 -0.04 -0.9 0.64 0.11
0.0 0.0 0.0 0.0 0.0 0.0 0.0 0.0 0.12 -0.58 0.04 0.9 -0.64 0.06 0.29 0.58 -0.04 -0.9 0.64 0.11
0.0 0.0 0.0 0.0 0.0 0.0 0.0 0.0 0.12 -0.58 0.04 0.9 -0.64 0.06 0.29 0.58 -0.04 -0.9 0.64 0.11
0.0 0.0 0.0 0.0 0.0 0.0 0.0 0.0 0.13 -0.58 0.04 0.9 -0.64 0.07 0.29 0.58 -0.04 -0.9 0.64 0.11
0.0 0.0 0.0 0.0 0.0 0.0 0.0 0.0 0.14 -0.58 0.04 0.9 -0.64 0.07 0.3 0.58 -0.04 -0.9 0.64 0.11
0.0 0.0 0.0 0.0 0.0 0.0 0.0 0.0 0.14 -0.58 0.04 0.9 -0.64 0.08 0.3 0.58 -0.04 -0.9 0.64 0.11
0.0 0.0 0.0 0.0 0.0 0.0 0.0 0.0 0.15 -0.58 0.04 0.9 -0.64 0.08 0.31 0.58 -0.04 -0.9 0.64 0.11
0.0 0.0 0.0 0.0 0.0 0.0 0.0 0.0 0.15 -0.58 0.04 0.9 -0.64 0.08 0.31 0.58 -0.04 -0.9 0.64 0.11
0.0 0.0 0.0 0.0 0.0 0.0 0.0 0.0 0.16 -0.58 0.04 0.9 -0.64 0.09 0.31 0.58 -0.04 -0.9 0.64 0.11
0.0 0.0 0.0 0.0 0.0 0.0 0.0 0.0 0.17 -0.58 0.04 0.9 -0.64 0.09 0.32 0.58 -0.04 -0.9 0.64 0.11
0.0 0.0 0.0 0.0 0.0 0.0 0.0 0.0 0.17 -0.58 0.04 0.9 -0.64 0.1 0.32 0.58 -0.04 -0.9 0.64 0.11
0.0 0.0 0.0 0.0 0.0 0.0 0.0 0.0 0.18 -0.58 0.04 0.9 -0.64 0.1 0.32 0.58 -0.04 -0.9 0.64 0.11
0.0 0.0 0.0 0.0 0.0 0.0 0.0 0.0 0.18 -0.58 0.04 0.9 -0.64 0.1 0.33 0.58 -0.04 -0.9 0.64 0.11
0.0 0.0 0.0 0.0 0.0 0.0 0.0 0.0 0.19 -0.58 0.04 0.9 -0.64 0.11 0.33 0.58 -0.04 -0.9 0.64 0.11
0.0 0.0 0.0 0.0 0.0 0.0 0.0 0.0 0.19 -0.58 0.04 0.9 -0.64 0.11 0.33 0.58 -0.04 -0.9 0.64 0.11
0.0 0.0 0.0 0.0 0.0 0.0 0.0 0.0 0.2 -0.58 0.04 0.9 -0.64 0.11 0.34 0.58 -0.04 -0.9 0.64 0.11
0.0 0.0 0.0 0.0 0.0 0.0 0.0 0.0 0.2 -0.58 0.04 0.9 -0.64 0.12 0.34 0.58 -0.04 -0.9 0.64 0.11
0.0 0.0 0.0 0.0 0.0 0.0 0.0 0.0 0.21 -0.58 0.04 0.9 -0.64 0.12 0.34 0.58 -0.04 -0.9 0.64 0.11
0.0 0.0 0.0 0.0 0.0 0.0 0.0 0.0 0.21 -0.58 0.04 0.9 -0.64 0.12 0.35 0.58 -0.04 -0.9 0.64 0.11
0.0 0.0 0.0 0.0 0.0 0.0 0.0 0.0 0.21 -0.58 0.04 0.9 -0.64 0.13 0.35 0.58 -0.04 -0.9 0.64 0.11
0.0 0.0 0.0 0.0 0.0 0.0 0.0 0.0 0.22 -0.58 0.04 0.9 -0.64 0.13 0.35 0.58 -0.04 -0.9 0.64 0.11
0.0 0.0 0.0 0.0 0.0 0.0 0.0 0.0 0.22 -0.58 0.04 0.9 -0.64 0.13 0.35 0.58 -0.04 -0.9 0.64 0.11
0.0 0.0 0.0 0.0 0.0 0.0 0.0 0.0 0.22 -0.58 0.04 0.9 -0.64 0.13 0.35 0.58 -0.04 -0.9 0.64 0.11
0.0 0.0 0.0 0.0 0.0 0.0 0.0 0.0 0.23 -0.58 0.04 0.9 -0.64 0.13 0.36 0.58 -0.04 -0.9 0.64 0.11
0.0 0.0 0.0 0.0 0.0 0.0 0.0 0.0 0.23 -0.58 0.04 0.9 -0.64 0.14 0.36 0.58 -0.04 -0.9 0.64 0.11
0.0 0.0 0.0 0.0 0.0 0.0 0.0 0.0 0.23 -0.58 0.04 0.9 -0.64 0.14 0.36 0.58 -0.04 -0.9 0.64 0.11
0.0 0.0 0.0 0.0 0.0 0.0 0.0 0.0 0.24 -0.58 0.04 0.9 -0.64 0.14 0.36 0.58 -0.04 -0.9 0.64 0.11
0.0 0.0 0.0 0.0 0.0 0.0 0.0 0.0 0.24 -0.58 0.04 0.9 -0.64 0.14 0.36 0.58 -0.04 -0.9 0.64 0.11
0.0 0.0 0.0 0.0 0.0 0.0 0.0 0.0 0.24 -0.58 0.04 0.9 -0.64 0.14 0.36 0.58 -0.04 -0.9 0.64 0.11
0.0 0.0 0.0 0.0 0.0 0.0 0.0 0.0 0.24 -0.58 0.04 0.9 -0.64 0.14 0.36 0.58 -0.04 -0.9 0.64 0.11
0.0 0.0 0.0 0.0 0.0 0.0 0.0 0.0 0.24 -0.58 0.04 0.9 -0.64 0.15 0.37 0.58 -0.04 -0.9 0.64 0.11
0.0 0.0 0.0 0.0 0.0 0.0 0.0 0.0 0.24 -0.58 0.04 0.9 -0.64 0.15 0.37 0.58 -0.04 -0.9 0.64 0.11
0.0 0.0 0.0 0.0 0.0 0.0 0.0 0.0 0.25 -0.58 0.04 0.9 -0.64 0.15 0.37 0.58 -0.04 -0.9 0.64 0.11
0.0 0.0 0.0 0.0 0.0 0.0 0.0 0.0 0.25 -0.58 0.04 0.9 -0.64 0.15 0.37 0.58 -0.04 -0.9 0.64 0.11
0.0 0.0 0.0 0.0 0.0 0.0 0.0 0.0 0.25 -0.58 0.04 0.9 -0.64 0.15 0.37 0.58 -0.04 -0.9 0.64 0.11
0.0 0.0 0.0 0.0 0.0 0.0 0.0 0.0 0.25 -0.58 0.04 0.9 -0.64 0.15 0.37 0.58 -0.04 -0.9 0.64 0.11
0.0 0.0 0.0 0.0 0.0 0.0 0.0 0.0 0.25 -0.58 0.04 0.9 -0.64 0.15 0.37 0.58 -0.04 -0.9 0.64 0.11
0.0 0.0 0.0 0.0 0.0 0.0 0.0 0.0 0.25 -0.58 0.04 0.9 -0.64 0.15 0.37 0.58 -0.04 -0.9 0.64 0.11
0.0 0.0 0.0 0.0 0.0 0.0 0.0 0.0 0.25 -0.58 0.04 0.9 -0.64 0.15 0.37 0.58 -0.04 -0.9 0.64 0.11
0.0 0.0 0.0 0.0 0.0 0.0 0.0 0.0 0.25 -0.58 0.04 0.9 -0.64 0.15 0.37 0.58 -0.04 -0.9 0.64 0.11
0.0 0.0 0.0 0.0 0.0 0.0 0.0 0.0 0.25 -0.58 0.04 0.9 -0.64 0.15 0.37 0.58 -0.04 -0.9 0.64 0.11
0.0 0.0 0.0 0.0 0.0 0.0 0.0 0.0 0.25 -0.58 0.04 0.9 -0.64 0.15 0.37 0.58 -0.04 -0.9 0.64 0.11
0.0 0.0 0.0 0.0 0.0 0.0 0.0 0.0 0.25 -0.58 0.04 0.9 -0.64 0.15 0.37 0.58 -0.04 -0.9 0.64 0.11
0.0 0.0 0.0 0.0 0.0 0.0 0.0 0.0 0.25 -0.58 0.04 0.9 -0.64 0.15 0.37 0.58 -0.04 -0.9 0.64 0.11
0.0 0.0 0.0 0.0 0.0 0.0 0.0 0.0 0.25 -0.58 0.04 0.9 -0.64 0.15 0.37 0.58 -0.04 -0.9 0.64 0.11
0.0 0.0 0.0 0.0 0.0 0.0 0.0 0.0 0.25 -0.58 0.04 0.9 -0.64 0.15 0.37 0.58 -0.04 -0.9 0.64 0.11
0.0 0.0 0.0 0.0 0.0 0.0 0.0 0.0 0.25 -0.58 0.04 0.9 -0.64 0.15 0.37 0.58 -0.04 -0.9 0.64 0.11
0.0 0.0 0.0 0.0 0.0 0.0 0.0 0.0 0.25 -0.58 0.04 0.9 -0.64 0.15 0.37 0.58 -0.04 -0.9 0.64 0.11
0.0 0.0 0.0 0.0 0.0 0.0 0.0 0.0 0.25 -0.58 0.04 0.9 -0.64 0.15 0.37 0.58 -0.04 -0.9 0.64 0.11
0.0 0.0 0.0 0.0 0.0 0.0 0.0 0.0 0.25 -0.58 0.04 0.9 -0.64 0.15 0.37 0.58 -0.04 -0.9 0.64 0.11
0.0 0.0 0.0 0.0 0.0 0.0 0.0 0.0 0.25 -0.58 0.04 0.9 -0.64 0.15 0.37 0.58 -0.04 -0.9 0.64 0.11
0.0 0.0 0.0 0.0 0.0 0.0 0.0 0.0 0.25 -0.58 0.04 0.9 -0.64 0.15 0.37 0.58 -0.04 -0.9 0.64 0.11
0.0 0.0 0.0 0.0 0.0 0.0 0.0 0.0 0.25 -0.58 0.04 0.9 -0.64 0.15 0.37 0.58 -0.04 -0.9 0.64 0.11
0.0 0.0 0.0 0.0 0.0 0.0 0.0 0.0 0.25 -0.58 0.04 0.9 -0.64 0.15 0.37 0.58 -0.04 -0.9 0.64 0.11
0.0 0.0 0.0 0.0 0.0 0.0 0.0 0.0 0.25 -0.58 0.04 0.9 -0.64 0.15 0.37 0.58 -0.04 -0.9 0.64 0.11
0.0 0.0 0.0 0.0 0.0 0.0 0.0 0.0 0.25 -0.58 0.04 0.9 -0.64 0.15 0.37 0.58 -0.04 -0.9 0.64 0.11
0.0 0.0 0.0 0.0 0.0 0.0 0.0 0.0 0.25 -0.58 0.04 0.9 -0.64 0.15 0.37 0.58 -0.04 -0.9 0.64 0.11
0.0 0.0 0.0 0.0 0.0 0.0 0.0 0.0 0.25 -0.58 0.04 0.9 -0.64 0.15 0.37 0.58 -0.04 -0.9 0.64 0.11
0.0 0.0 0.0 0.0 0.0 0.0 0.0 0.0 0.25 -0.58 0.04 0.9 -0.64 0.15 0.37 0.58 -0.04 -0.9 0.64 0.11
0.0 0.0 0.0 0.0 0.0 0.0 0.0 0.0 0.25 -0.58 0.04 0.9 -0.64 0.15 0.37 0.58 -0.04 -0.9 0.64 0.11
0.0 0.0 0.0 0.0 0.0 0.0 0.0 0.0 0.25 -0.58 0.04 0.9 -0.64 0.15 0.37 0.58 -0.04 -0.9 0.64 0.11
0.0 0.0 0.0 0.0 0.0 0.0 0.0 0.0 0.25 -0.58 0.04 0.9 -0.64 0.15 0.37 0.58 -0.04 -0.9 0.64 0.11
0.0 0.0 0.0 0.0 0.0 0.0 0.0 0.0 0.25 -0.58 0.04 0.9 -0.64 0.15 0.37 0.58 -0.04 -0.9 0.64 0.11
0.0 0.0 0.0 0.0 0.0 0.0 0.0 0.0 0.25 -0.58 0.04 0.9 -0.64 0.15 0.37 0.58 -0.04 -0.9 0.64 0.11
0.0 0.0 0.0 0.0 0.0 0.0 0.0 0.0 0.25 -0.58 0.04 0.9 -0.64 0.15 0.37 0.58 -0.04 -0.9 0.64 0.11
0.0 0.0 0.0 0.0 0.0 0.0 0.0 0.0 0.25 -0.58 0.04 0.9 -0.64 0.15 0.37 0.58 -0.04 -0.9 0.64 0.11
0.0 0.0 0.0 0.0 0.0 0.0 0.0 0.0 0.25 -0.58 0.04 0.9 -0.64 0.15 0.37 0.58 -0.04 -0.9 0.64 0.11
0.0 0.0 0.0 0.0 0.0 0.0 0.0 0.0 0.25 -0.58 0.04 0.9 -0.64 0.15 0.37 0.58 -0.04 -0.9 0.64 0.11
0.0 0.0 0.0 0.0 0.0 0.0 0.0 0.0 0.25 -0.58 0.04 0.9 -0.64 0.15 0.37 0.58 -0.04 -0.9 0.64 0.11
0.0 0.0 0.0 0.0 0.0 0.0 0.0 0.0 0.25 -0.58 0.04 0.9 -0.64 0.15 0.37 0.58 -0.04 -0.9 0.64 0.11
0.0 0.0 0.0 0.0 0.0 0.0 0.0 0.0 0.25 -0.58 0.04 0.9 -0.64 0.15 0.37 0.58 -0.04 -0.9 0.64 0.11
0.0 0.0 0.0 0.0 0.0 0.0 0.0 0.0 0.25 -0.58 0.04 0.9 -0.64 0.15 0.37 0.58 -0.04 -0.9 0.64 0.11
0.0 0.0 0.0 0.0 0.0 0.0 0.0 0.0 0.25 -0.58 0.04 0.9 -0.64 0.15 0.37 0.58 -0.04 -0.9 0.64 0.11
0.0 0.0 0.0 0.0 0.0 0.0 0.0 0.0 0.25 -0.58 0.04 0.9 -0.64 0.15 0.37 0.58 -0.04 -0.9 0.64 0.11
0.0 0.0 0.0 0.0 0.0 0.0 0.0 0.0 0.25 -0.58 0.04 0.9 -0.64 0.15 0.37 0.58 -0.04 -0.9 0.64 0.11
0.0 0.0 0.0 0.0 0.0 0.0 0.0 0.0 0.25 -0.58 0.04 0.9 -0.64 0.16 0.37 0.58 -0.04 -0.9 0.64 0.11
0.0 0.0 0.0 0.0 0.0 0.0 0.0 0.0 0.25 -0.58 0.04 0.9 -0.64 0.16 0.37 0.58 -0.04 -0.9 0.64 0.11
0.0 0.0 0.0 0.0 0.0 0.0 0.0 0.0 0.25 -0.58 0.04 0.9 -0.64 0.16 0.37 0.58 -0.04 -0.9 0.64 0.11
0.0 0.0 0.0 0.0 0.0 0.0 0.0 0.0 0.25 -0.58 0.04 0.9 -0.64 0.16 0.37 0.58 -0.04 -0.9 0.64 0.11
0.0 0.0 0.0 0.0 0.0 0.0 0.0 0.0 0.25 -0.58 0.04 0.9 -0.64 0.16 0.37 0.58 -0.04 -0.9 0.64 0.11
0.0 0.0 0.0 0.0 0.0 0.0 0.0 0.0 0.25 -0.58 0.04 0.9 -0.64 0.16 0.37 0.58 -0.04 -0.9 0.64 0.11
0.0 0.0 0.0 0.0 0.0 0.0 0.0 0.0 0.25 -0.58 0.04 0.9 -0.64 0.16 0.38 0.58 -0.04 -0.89 0.64 0.11
0.0 0.0 0.0 0.0 0.0 0.0 0.0 0.0 0.25 -0.58 0.04 0.9 -0.64 0.16 0.38 0.58 -0.04 -0.89 0.64 0.11
0.0 0.0 0.0 0.0 0.0 0.0 0.0 0.0 0.25 -0.58 0.04 0.9 -0.64 0.16 0.38 0.58 -0.04 -0.89 0.64 0.11
0.0 0.0 0.0 0.0 0.0 0.0 0.0 0.0 0.25 -0.58 0.04 0.9 -0.64 0.16 0.38 0.58 -0.04 -0.89 0.64 0.11
0.0 0.0 0.0 0.0 0.0 0.0 0.0 0.0 0.25 -0.58 0.04 0.9 -0.64 0.16 0.38 0.58 -0.04 -0.89 0.64 0.11
0.0 0.0 0.0 0.0 0.0 0.0 0.0 0.0 0.25 -0.58 0.04 0.9 -0.64 0.16 0.38 0.58 -0.04 -0.89 0.64 0.11
0.0 0.0 0.0 0.0 0.0 0.0 0.0 0.0 0.25 -0.58 0.04 0.9 -0.64 0.16 0.38 0.58 -0.04 -0.89 0.64 0.11
0.0 0.0 0.0 0.0 0.0 0.0 0.0 0.0 0.25 -0.58 0.04 0.9 -0.64 0.16 0.38 0.58 -0.04 -0.89 0.64 0.11
0.0 0.0 0.0 0.0 0.0 0.0 0.0 0.0 0.25 -0.58 0.04 0.9 -0.64 0.16 0.38 0.58 -0.04 -0.89 0.64 0.11
0.0 0.0 0.0 0.0 0.0 0.0 0.0 0.0 0.25 -0.58 0.04 0.9 -0.64 0.16 0.38 0.58 -0.04 -0.89 0.64 0.11
0.0 0.0 0.0 0.0 0.0 0.0 0.0 0.0 0.25 -0.58 0.04 0.9 -0.64 0.16 0.38 0.58 -0.04 -0.89 0.64 0.11
0.0 0.0 0.0 0.0 0.0 0.0 0.0 0.0 0.25 -0.58 0.04 0.9 -0.64 0.17 0.38 0.58 -0.04 -0.89 0.64 0.11
0.0 0.0 0.0 0.0 0.0 0.0 0.0 0.0 0.26 -0.58 0.04 0.9 -0.64 0.17 0.38 0.58 -0.04 -0.89 0.64 0.11
0.0 0.0 0.0 0.0 0.0 0.0 0.0 0.0 0.26 -0.58 0.04 0.9 -0.64 0.17 0.38 0.58 -0.04 -0.89 0.64 0.11
0.0 0.0 0.0 0.0 0.0 0.0 0.0 0.0 0.26 -0.58 0.04 0.9 -0.64 0.17 0.38 0.58 -0.04 -0.89 0.64 0.11
0.0 0.0 0.0 0.0 0.0 0.0 0.0 0.0 0.26 -0.58 0.04 0.9 -0.64 0.17 0.38 0.58 -0.04 -0.89 0.64 0.11
0.0 0.0 0.0 0.0 0.0 0.0 0.0 0.0 0.26 -0.58 0.04 0.9 -0.64 0.17 0.38 0.58 -0.04 -0.89 0.64 0.11
0.0 0.0 0.0 0.0 0.0 0.0 0.0 0.0 0.26 -0.58 0.04 0.9 -0.64 0.17 0.38 0.58 -0.04 -0.89 0.64 0.11
0.0 0.0 0.0 0.0 0.0 0.0 0.0 0.0 0.26 -0.58 0.04 0.9 -0.64 0.17 0.38 0.58 -0.04 -0.89 0.64 0.11
0.0 0.0 0.0 0.0 0.0 0.0 0.0 0.0 0.26 -0.58 0.04 0.9 -0.64 0.17 0.38 0.58 -0.04 -0.89 0.64 0.11
0.0 0.0 0.0 0.0 0.0 0.0 0.0 0.0 0.26 -0.58 0.04 0.9 -0.64 0.17 0.39 0.58 -0.04 -0.88 0.64 0.11
0.0 0.0 0.0 0.0 0.0 0.0 0.0 0.0 0.26 -0.58 0.04 0.9 -0.64 0.18 0.39 0.58 -0.04 -0.88 0.64 0.11
0.0 0.0 0.0 0.0 0.0 0.0 0.0 0.0 0.26 -0.58 0.04 0.9 -0.64 0.18 0.39 0.58 -0.04 -0.88 0.64 0.11
0.0 0.0 0.0 0.0 0.0 0.0 0.0 0.0 0.26 -0.58 0.04 0.9 -0.63 0.18 0.39 0.58 -0.04 -0.88 0.64 0.11
0.0 0.0 0.0 0.0 0.0 0.0 0.0 0.0 0.26 -0.58 0.04 0.9 -0.63 0.18 0.39 0.58 -0.04 -0.88 0.64 0.11
0.0 0.0 0.0 0.0 0.0 0.0 0.0 0.0 0.26 -0.58 0.04 0.9 -0.63 0.18 0.39 0.58 -0.04 -0.88 0.64 0.11
0.0 0.0 0.0 0.0 0.0 0.0 0.0 0.0 0.26 -0.58 0.04 0.9 -0.63 0.18 0.39 0.58 -0.04 -0.88 0.64 0.11
0.0 0.0 0.0 0.0 0.0 0.0 0.0 0.0 0.26 -0.58 0.04 0.9 -0.63 0.18 0.39 0.58 -0.04 -0.88 0.64 0.11
0.0 0.0 0.0 0.0 0.0 0.0 0.0 0.0 0.26 -0.58 0.04 0.9 -0.63 0.18 0.39 0.58 -0.04 -0.88 0.64 0.11
0.0 0.0 0.0 0.0 0.0 0.0 0.0 0.0 0.26 -0.58 0.04 0.9 -0.63 0.18 0.39 0.58 -0.04 -0.88 0.64 0.11
0.0 0.0 0.0 0.0 0.0 0.0 0.0 0.0 0.26 -0.58 0.04 0.9 -0.63 0.19 0.39 0.58 -0.04 -0.88 0.64 0.11
0.0 0.0 0.0 0.0 0.0 0.0 0.0 0.0 0.26 -0.58 0.04 0.9 -0.63 0.19 0.39 0.58 -0.04 -0.88 0.64 0.11
0.0 0.0 0.0 0.0 0.0 0.0 0.0 0.0 0.26 -0.58 0.04 0.9 -0.63 0.19 0.39 0.58 -0.04 -0.88 0.64 0.11
0.0 0.0 0.0 0.0 0.0 0.0 0.0 0.0 0.26 -0.58 0.04 0.9 -0.63 0.19 0.39 0.58 -0.04 -0.88 0.64 0.11
0.0 0.0 0.0 0.0 0.0 0.0 0.0 0.0 0.26 -0.58 0.04 0.9 -0.63 0.19 0.4 0.58 -0.04 -0.87 0.64 0.11
0.0 0.0 0.0 0.0 0.0 0.0 0.0 0.0 0.26 -0.58 0.04 0.9 -0.63 0.19 0.4 0.58 -0.04 -0.87 0.64 0.11
0.0 0.0 0.0 0.0 0.0 0.0 0.0 0.0 0.26 -0.58 0.04 0.9 -0.63 0.19 0.4 0.58 -0.04 -0.87 0.64 0.11
0.0 0.0 0.0 0.0 0.0 0.0 0.0 0.0 0.26 -0.58 0.04 0.9 -0.63 0.19 0.4 0.58 -0.04 -0.87 0.64 0.11
0.0 0.0 0.0 0.0 0.0 0.0 0.0 0.0 0.26 -0.58 0.04 0.9 -0.63 0.2 0.4 0.58 -0.04 -0.87 0.64 0.11
0.0 0.0 0.0 0.0 0.0 0.0 0.0 0.0 0.26 -0.58 0.04 0.9 -0.63 0.2 0.4 0.58 -0.04 -0.87 0.64 0.11
0.0 0.0 0.0 0.0 0.0 0.0 0.0 0.0 0.27 -0.58 0.04 0.9 -0.63 0.2 0.4 0.58 -0.04 -0.87 0.64 0.11
0.0 0.0 0.0 0.0 0.0 0.0 0.0 0.0 0.27 -0.58 0.04 0.9 -0.63 0.2 0.4 0.58 -0.04 -0.87 0.64 0.11
0.0 0.0 0.0 0.0 0.0 0.0 0.0 0.0 0.27 -0.58 0.04 0.9 -0.63 0.2 0.4 0.58 -0.04 -0.87 0.64 0.11
0.0 0.0 0.0 0.0 0.0 0.0 0.0 0.0 0.27 -0.58 0.04 0.9 -0.63 0.2 0.4 0.58 -0.04 -0.87 0.64 0.11
0.0 0.0 0.0 0.0 0.0 0.0 0.0 0.0 0.27 -0.58 0.04 0.9 -0.63 0.2 0.4 0.58 -0.04 -0.87 0.64 0.11
0.0 0.0 0.0 0.0 0.0 0.0 0.0 0.0 0.27 -0.58 0.04 0.9 -0.63 0.2 0.4 0.58 -0.04 -0.87 0.64 0.11
0.0 0.0 0.0 0.0 0.0 0.0 0.0 0.0 0.27 -0.58 0.04 0.9 -0.63 0.21 0.41 0.58 -0.04 -0.86 0.64 0.11
0.0 0.0 0.0 0.0 0.0 0.0 0.0 0.0 0.27 -0.58 0.04 0.9 -0.63 0.21 0.41 0.58 -0.04 -0.86 0.64 0.11
0.0 0.0 0.0 0.0 0.0 0.0 0.0 0.0 0.27 -0.58 0.04 0.9 -0.63 0.21 0.41 0.58 -0.04 -0.86 0.64 0.11
0.0 0.0 0.0 0.0 0.0 0.0 0.0 0.0 0.27 -0.58 0.04 0.9 -0.63 0.21 0.41 0.58 -0.04 -0.86 0.64 0.11
0.0 0.0 0.0 0.0 0.0 0.0 0.0 0.0 0.27 -0.58 0.04 0.9 -0.63 0.21 0.41 0.58 -0.04 -0.86 0.64 0.11
0.0 0.0 0.0 0.0 0.0 0.0 0.0 0.0 0.27 -0.58 0.04 0.9 -0.63 0.21 0.41 0.58 -0.04 -0.86 0.64 0.11
0.0 0.0 0.0 0.0 0.0 0.0 0.0 0.0 0.27 -0.58 0.04 0.9 -0.63 0.22 0.41 0.58 -0.04 -0.86 0.64 0.11
0.0 0.0 0.0 0.0 0.0 0.0 0.0 0.0 0.27 -0.58 0.04 0.9 -0.63 0.22 0.41 0.58 -0.04 -0.86 0.64 0.11
0.0 0.0 0.0 0.0 0.0 0.0 0.0 0.0 0.27 -0.58 0.04 0.9 -0.63 0.22 0.41 0.58 -0.04 -0.86 0.64 0.11
0.0 0.0 0.0 0.0 0.0 0.0 0.0 0.0 0.27 -0.58 0.04 0.9 -0.63 0.22 0.41 0.58 -0.04 -0.86 0.64 0.11
0.0 0.0 0.0 0.0 0.0 0.0 0.0 0.0 0.27 -0.58 0.04 0.9 -0.63 0.22 0.41 0.58 -0.04 -0.86 0.64 0.11
0.0 0.0 0.0 0.0 0.0 0.0 0.0 0.0 0.27 -0.58 0.04 0.9 -0.63 0.22 0.42 0.58 -0.04 -0.85 0.64 0.11
0.0 0.0 0.0 0.0 0.0 0.0 0.0 0.0 0.27 -0.58 0.04 0.9 -0.63 0.22 0.42 0.58 -0.04 -0.85 0.64 0.11
0.0 0.0 0.0 0.0 0.0 0.0 0.0 0.0 0.27 -0.58 0.04 0.9 -0.63 0.23 0.42 0.58 -0.04 -0.85 0.64 0.11
0.0 0.0 0.0 0.0 0.0 0.0 0.0 0.0 0.27 -0.58 0.04 0.9 -0.63 0.23 0.42 0.58 -0.04 -0.85 0.64 0.11
0.0 0.0 0.0 0.0 0.0 0.0 0.0 0.0 0.27 -0.58 0.04 0.9 -0.63 0.23 0.42 0.58 -0.04 -0.85 0.64 0.11
0.0 0.0 0.0 0.0 0.0 0.0 0.0 0.0 0.28 -0.58 0.04 0.9 -0.62 0.23 0.42 0.58 -0.04 -0.85 0.64 0.11
0.0 0.0 0.0 0.0 0.0 0.0 0.0 0.0 0.28 -0.58 0.04 0.9 -0.62 0.23 0.42 0.58 -0.04 -0.85 0.64 0.11
0.0 0.0 0.0 0.0 0.0 0.0 0.0 0.0 0.28 -0.58 0.04 0.9 -0.62 0.23 0.42 0.58 -0.04 -0.85 0.64 0.11
0.0 0.0 0.0 0.0 0.0 0.0 0.0 0.0 0.28 -0.58 0.04 0.9 -0.62 0.23 0.42 0.58 -0.04 -0.85 0.64 0.11
0.0 0.0 0.0 0.0 0.0 0.0 0.0 0.0 0.28 -0.58 0.04 0.9 -0.62 0.24 0.42 0.58 -0.04 -0.85 0.64 0.11
0.0 0.0 0.0 0.0 0.0 0.0 0.0 0.0 0.28 -0.58 0.04 0.9 -0.62 0.24 0.42 0.58 -0.04 -0.85 0.64 0.11
0.0 0.0 0.0 0.0 0.0 0.0 0.0 0.0 0.28 -0.58 0.04 0.9 -0.62 0.24 0.43 0.58 -0.04 -0.84 0.64 0.11
0.0 0.0 0.0 0.0 0.0 0.0 0.0 0.0 0.28 -0.58 0.04 0.9 -0.62 0.24 0.43 0.58 -0.04 -0.84 0.64 0.11
0.0 0.0 0.0 0.0 0.0 0.0 0.0 0.0 0.28 -0.58 0.04 0.9 -0.62 0.24 0.43 0.58 -0.04 -0.84 0.64 0.11
0.0 0.0 0.0 0.0 0.0 0.0 0.0 0.0 0.28 -0.58 0.04 0.9 -0.62 0.24 0.43 0.58 -0.04 -0.84 0.64 0.11
0.0 0.0 0.0 0.0 0.0 0.0 0.0 0.0 0.28 -0.58 0.04 0.9 -0.62 0.24 0.43 0.58 -0.04 -0.84 0.64 0.11
0.0 0.0 0.0 0.0 0.0 0.0 0.0 0.0 0.28 -0.58 0.04 0.9 -0.62 0.25 0.43 0.58 -0.04 -0.84 0.64 0.11
0.0 0.0 0.0 0.0 0.0 0.0 0.0 0.0 0.28 -0.58 0.04 0.9 -0.62 0.25 0.43 0.58 -0.04 -0.84 0.64 0.11
0.0 0.0 0.0 0.0 0.0 0.0 0.0 0.0 0.28 -0.58 0.04 0.9 -0.62 0.25 0.43 0.58 -0.04 -0.84 0.64 0.11
0.0 0.0 0.0 0.0 0.0 0.0 0.0 0.0 0.28 -0.58 0.04 0.9 -0.62 0.25 0.43 0.58 -0.04 -0.84 0.64 0.11
0.0 0.0 0.0 0.0 0.0 0.0 0.0 0.0 0.28 -0.58 0.04 0.9 -0.62 0.25 0.43 0.58 -0.04 -0.84 0.64 0.11
0.0 0.0 0.0 0.0 0.0 0.0 0.0 0.0 0.28 -0.58 0.04 0.9 -0.62 0.25 0.43 0.58 -0.04 -0.84 0.64 0.11
0.0 0.0 0.0 0.0 0.0 0.0 0.0 0.0 0.28 -0.58 0.04 0.9 -0.62 0.26 0.44 0.58 -0.04 -0.83 0.64 0.11
0.0 0.0 0.0 0.0 0.0 0.0 0.0 0.0 0.28 -0.58 0.04 0.9 -0.62 0.26 0.44 0.58 -0.04 -0.83 0.64 0.11
0.0 0.0 0.0 0.0 0.0 0.0 0.0 0.0 0.28 -0.58 0.04 0.9 -0.62 0.26 0.44 0.58 -0.04 -0.83 0.64 0.11
0.0 0.0 0.0 0.0 0.0 0.0 0.0 0.0 0.28 -0.58 0.04 0.9 -0.62 0.26 0.44 0.58 -0.04 -0.83 0.64 0.11
0.0 0.0 0.0 0.0 0.0 0.0 0.0 0.0 0.28 -0.58 0.04 0.9 -0.62 0.26 0.44 0.58 -0.04 -0.83 0.64 0.11
0.0 0.0 0.0 0.0 0.0 0.0 0.0 0.0 0.28 -0.58 0.04 0.9 -0.62 0.26 0.44 0.58 -0.04 -0.83 0.64 0.11
0.0 0.0 0.0 0.0 0.0 0.0 0.0 0.0 0.29 -0.58 0.04 0.9 -0.62 0.26 0.44 0.58 -0.04 -0.83 0.64 0.11
0.0 0.0 0.0 0.0 0.0 0.0 0.0 0.0 0.29 -0.58 0.04 0.9 -0.62 0.26 0.44 0.58 -0.04 -0.83 0.64 0.11
0.0 0.0 0.0 0.0 0.0 0.0 0.0 0.0 0.29 -0.58 0.04 0.9 -0.62 0.27 0.44 0.58 -0.04 -0.83 0.64 0.11
0.0 0.0 0.0 0.0 0.0 0.0 0.0 0.0 0.29 -0.58 0.04 0.9 -0.62 0.27 0.44 0.58 -0.04 -0.83 0.64 0.11
0.0 0.0 0.0 0.0 0.0 0.0 0.0 0.0 0.29 -0.58 0.04 0.9 -0.62 0.27 0.44 0.58 -0.04 -0.83 0.64 0.11
0.0 0.0 0.0 0.0 0.0 0.0 0.0 0.0 0.29 -0.58 0.04 0.9 -0.62 0.27 0.44 0.58 -0.04 -0.83 0.64 0.11
0.0 0.0 0.0 0.0 0.0 0.0 0.0 0.0 0.29 -0.58 0.04 0.9 -0.62 0.27 0.45 0.58 -0.04 -0.82 0.64 0.11
0.0 0.0 0.0 0.0 0.0 0.0 0.0 0.0 0.29 -0.58 0.04 0.9 -0.62 0.27 0.45 0.58 -0.04 -0.82 0.64 0.11
0.0 0.0 0.0 0.0 0.0 0.0 0.0 0.0 0.29 -0.58 0.04 0.9 -0.62 0.27 0.45 0.58 -0.04 -0.82 0.64 0.11
0.0 0.0 0.0 0.0 0.0 0.0 0.0 0.0 0.29 -0.58 0.04 0.9 -0.62 0.27 0.45 0.58 -0.04 -0.82 0.64 0.11
0.0 0.0 0.0 0.0 0.0 0.0 0.0 0.0 0.29 -0.58 0.04 0.9 -0.62 0.28 0.45 0.58 -0.04 -0.82 0.64 0.11
0.0 0.0 0.0 0.0 0.0 0.0 0.0 0.0 0.29 -0.58 0.04 0.9 -0.62 0.28 0.45 0.58 -0.04 -0.82 0.64 0.11
0.0 0.0 0.0 0.0 0.0 0.0 0.0 0.0 0.29 -0.58 0.04 0.9 -0.62 0.28 0.45 0.58 -0.04 -0.82 0.64 0.11
0.0 0.0 0.0 0.0 0.0 0.0 0.0 0.0 0.29 -0.58 0.04 0.9 -0.62 0.28 0.45 0.58 -0.04 -0.82 0.64 0.11
0.0 0.0 0.0 0.0 0.0 0.0 0.0 0.0 0.29 -0.58 0.04 0.9 -0.62 0.28 0.45 0.58 -0.04 -0.82 0.64 0.11
0.0 0.0 0.0 0.0 0.0 0.0 0.0 0.0 0.29 -0.58 0.04 0.9 -0.62 0.28 0.45 0.58 -0.04 -0.82 0.64 0.11
0.0 0.0 0.0 0.0 0.0 0.0 0.0 0.0 0.29 -0.58 0.04 0.9 -0.62 0.28 0.45 0.58 -0.04 -0.82 0.64 0.11
0.0 0.0 0.0 0.0 0.0 0.0 0.0 0.0 0.29 -0.58 0.04 0.9 -0.61 0.28 0.45 0.58 -0.04 -0.82 0.64 0.11
0.0 0.0 0.0 0.0 0.0 0.0 0.0 0.0 0.29 -0.58 0.04 0.9 -0.61 0.28 0.45 0.58 -0.04 -0.82 0.64 0.11
0.0 0.0 0.0 0.0 0.0 0.0 0.0 0.0 0.29 -0.58 0.04 0.9 -0.61 0.29 0.45 0.58 -0.04 -0.82 0.64 0.11
0.0 0.0 0.0 0.0 0.0 0.0 0.0 0.0 0.29 -0.58 0.04 0.9 -0.61 0.29 0.46 0.58 -0.04 -0.81 0.64 0.11
0.0 0.0 0.0 0.0 0.0 0.0 0.0 0.0 0.29 -0.58 0.04 0.9 -0.61 0.29 0.46 0.58 -0.04 -0.81 0.64 0.11
0.0 0.0 0.0 0.0 0.0 0.0 0.0 0.0 0.29 -0.58 0.04 0.9 -0.61 0.29 0.46 0.58 -0.04 -0.81 0.64 0.11
0.0 0.0 0.0 0.0 0.0 0.0 0.0 0.0 0.29 -0.58 0.04 0.9 -0.61 0.29 0.46 0.58 -0.04 -0.81 0.64 0.11
0.0 0.0 0.0 0.0 0.0 0.0 0.0 0.0 0.29 -0.58 0.04 0.9 -0.61 0.29 0.46 0.58 -0.04 -0.81 0.64 0.11
0.0 0.0 0.0 0.0 0.0 0.0 0.0 0.0 0.29 -0.58 0.04 0.9 -0.61 0.29 0.46 0.58 -0.04 -0.81 0.64 0.11
0.0 0.0 0.0 0.0 0.0 0.0 0.0 0.0 0.29 -0.58 0.04 0.9 -0.61 0.29 0.46 0.58 -0.04 -0.81 0.64 0.11
0.0 0.0 0.0 0.0 0.0 0.0 0.0 0.0 0.29 -0.58 0.04 0.9 -0.61 0.29 0.46 0.58 -0.04 -0.81 0.64 0.11
0.0 0.0 0.0 0.0 0.0 0.0 0.0 0.0 0.3 -0.58 0.04 0.9 -0.61 0.29 0.46 0.58 -0.04 -0.81 0.64 0.11
0.0 0.0 0.0 0.0 0.0 0.0 0.0 0.0 0.3 -0.58 0.04 0.9 -0.61 0.3 0.46 0.58 -0.04 -0.81 0.64 0.11
0.0 0.0 0.0 0.0 0.0 0.0 0.0 0.0 0.3 -0.58 0.04 0.9 -0.61 0.3 0.46 0.58 -0.04 -0.81 0.64 0.11
0.0 0.0 0.0 0.0 0.0 0.0 0.0 0.0 0.3 -0.58 0.04 0.9 -0.61 0.3 0.46 0.58 -0.04 -0.81 0.64 0.11
0.0 0.0 0.0 0.0 0.0 0.0 0.0 0.0 0.3 -0.58 0.04 0.9 -0.61 0.3 0.46 0.58 -0.04 -0.81 0.64 0.11
0.0 0.0 0.0 0.0 0.0 0.0 0.0 0.0 0.3 -0.58 0.04 0.9 -0.61 0.3 0.46 0.58 -0.04 -0.81 0.64 0.11
0.0 0.0 0.0 0.0 0.0 0.0 0.0 0.0 0.3 -0.58 0.04 0.9 -0.61 0.3 0.46 0.58 -0.04 -0.81 0.64 0.11
0.0 0.0 0.0 0.0 0.0 0.0 0.0 0.0 0.3 -0.58 0.04 0.9 -0.61 0.3 0.46 0.58 -0.04 -0.81 0.64 0.11
0.0 0.0 0.0 0.0 0.0 0.0 0.0 0.0 0.3 -0.58 0.04 0.9 -0.61 0.3 0.46 0.58 -0.04 -0.81 0.64 0.11
0.0 0.0 0.0 0.0 0.0 0.0 0.0 0.0 0.3 -0.58 0.04 0.9 -0.61 0.3 0.46 0.58 -0.04 -0.81 0.64 0.11
0.0 0.0 0.0 0.0 0.0 0.0 0.0 0.0 0.3 -0.58 0.04 0.9 -0.61 0.3 0.46 0.58 -0.04 -0.81 0.64 0.11
0.0 0.0 0.0 0.0 0.0 0.0 0.0 0.0 0.3 -0.58 0.04 0.9 -0.61 0.3 0.46 0.58 -0.04 -0.81 0.64 0.11
0.0 0.0 0.0 0.0 0.0 0.0 0.0 0.0 0.3 -0.58 0.04 0.9 -0.61 0.3 0.47 0.58 -0.04 -0.8 0.64 0.11
0.0 0.0 0.0 0.0 0.0 0.0 0.0 0.0 0.3 -0.58 0.04 0.9 -0.61 0.3 0.47 0.58 -0.04 -0.8 0.64 0.11
0.0 0.0 0.0 0.0 0.0 0.0 0.0 0.0 0.3 -0.58 0.04 0.9 -0.61 0.3 0.47 0.58 -0.04 -0.8 0.64 0.11
0.0 0.0 0.0 0.0 0.0 0.0 0.0 0.0 0.3 -0.58 0.04 0.9 -0.61 0.3 0.47 0.58 -0.04 -0.8 0.64 0.11
0.0 0.0 0.0 0.0 0.0 0.0 0.0 0.0 0.3 -0.58 0.04 0.9 -0.61 0.3 0.47 0.58 -0.04 -0.8 0.64 0.11
0.0 0.0 0.0 0.0 0.0 0.0 0.0 0.0 0.3 -0.58 0.04 0.9 -0.61 0.3 0.47 0.58 -0.04 -0.8 0.64 0.11
0.0 0.0 0.0 0.0 0.0 0.0 0.0 0.0 0.3 -0.58 0.04 0.9 -0.61 0.31 0.47 0.58 -0.04 -0.8 0.64 0.11
0.0 0.0 0.0 0.0 0.0 0.0 0.0 0.0 0.3 -0.58 0.04 0.9 -0.61 0.31 0.47 0.58 -0.04 -0.8 0.64 0.11
0.0 0.0 0.0 0.0 0.0 0.0 0.0 0.0 0.3 -0.58 0.04 0.9 -0.61 0.31 0.47 0.58 -0.04 -0.8 0.64 0.11
0.0 0.0 0.0 0.0 0.0 0.0 0.0 0.0 0.3 -0.58 0.04 0.9 -0.61 0.31 0.47 0.58 -0.04 -0.8 0.64 0.11
0.0 0.0 0.0 0.0 0.0 0.0 0.0 0.0 0.3 -0.58 0.04 0.9 -0.61 0.31 0.47 0.58 -0.04 -0.8 0.64 0.11
0.0 0.0 0.0 0.0 0.0 0.0 0.0 0.0 0.3 -0.58 0.04 0.9 -0.61 0.31 0.47 0.58 -0.04 -0.8 0.64 0.11
0.0 0.0 0.0 0.0 0.0 0.0 0.0 0.0 0.3 -0.58 0.04 0.9 -0.61 0.31 0.47 0.58 -0.04 -0.8 0.64 0.11
0.0 0.0 0.0 0.0 0.0 0.0 0.0 0.0 0.3 -0.58 0.04 0.9 -0.61 0.31 0.47 0.58 -0.04 -0.8 0.64 0.11
0.0 0.0 0.0 0.0 0.0 0.0 0.0 0.0 0.3 -0.58 0.04 0.9 -0.61 0.31 0.47 0.58 -0.04 -0.8 0.64 0.11
0.0 0.0 0.0 0.0 0.0 0.0 0.0 0.0 0.3 -0.58 0.04 0.9 -0.61 0.31 0.47 0.58 -0.04 -0.8 0.64 0.11
0.0 0.0 0.0 0.0 0.0 0.0 0.0 0.0 0.3 -0.58 0.04 0.9 -0.61 0.31 0.47 0.58 -0.04 -0.8 0.64 0.11
0.0 0.0 0.0 0.0 0.0 0.0 0.0 0.0 0.3 -0.58 0.04 0.9 -0.61 0.31 0.47 0.58 -0.04 -0.8 0.64 0.11
0.0 0.0 0.0 0.0 0.0 0.0 0.0 0.0 0.3 -0.58 0.04 0.9 -0.61 0.31 0.47 0.58 -0.04 -0.8 0.64 0.11
0.0 0.0 0.0 0.0 0.0 0.0 0.0 0.0 0.3 -0.58 0.04 0.9 -0.61 0.31 0.47 0.58 -0.04 -0.8 0.64 0.11
0.0 0.0 0.0 0.0 0.0 0.0 0.0 0.0 0.3 -0.58 0.04 0.9 -0.61 0.31 0.47 0.58 -0.04 -0.8 0.64 0.11
0.0 0.0 0.0 0.0 0.0 0.0 0.0 0.0 0.3 -0.58 0.04 0.9 -0.61 0.31 0.47 0.58 -0.04 -0.8 0.64 0.11
0.0 0.0 0.0 0.0 0.0 0.0 0.0 0.0 0.3 -0.58 0.04 0.9 -0.61 0.31 0.47 0.58 -0.04 -0.8 0.64 0.11
0.0 0.0 0.0 0.0 0.0 0.0 0.0 0.0 0.3 -0.58 0.04 0.9 -0.61 0.31 0.47 0.58 -0.04 -0.8 0.64 0.11
0.0 0.0 0.0 0.0 0.0 0.0 0.0 0.0 0.3 -0.58 0.04 0.9 -0.61 0.31 0.47 0.58 -0.04 -0.8 0.64 0.11
0.0 0.0 0.0 0.0 0.0 0.0 0.0 0.0 0.3 -0.58 0.04 0.9 -0.61 0.31 0.47 0.58 -0.04 -0.8 0.64 0.11
0.0 0.0 0.0 0.0 0.0 0.0 0.0 0.0 0.3 -0.58 0.04 0.9 -0.61 0.31 0.47 0.58 -0.04 -0.8 0.64 0.11
0.0 0.0 0.0 0.0 0.0 0.0 0.0 0.0 0.3 -0.58 0.04 0.9 -0.61 0.31 0.47 0.58 -0.04 -0.8 0.64 0.11
0.0 0.0 0.0 0.0 0.0 0.0 0.0 0.0 0.3 -0.58 0.04 0.9 -0.61 0.31 0.47 0.58 -0.04 -0.8 0.64 0.11
0.0 0.0 0.0 0.0 0.0 0.0 0.0 0.0 0.3 -0.58 0.04 0.9 -0.61 0.31 0.47 0.58 -0.04 -0.8 0.64 0.11
0.0 0.0 0.0 0.0 0.0 0.0 0.0 0.0 0.3 -0.58 0.04 0.9 -0.61 0.31 0.47 0.58 -0.04 -0.8 0.64 0.11
0.0 0.0 0.0 0.0 0.0 0.0 0.0 0.0 0.3 -0.58 0.04 0.9 -0.61 0.31 0.47 0.58 -0.04 -0.8 0.64 0.11
0.0 0.0 0.0 0.0 0.0 0.0 0.0 0.0 0.3 -0.58 0.04 0.9 -0.61 0.31 0.47 0.58 -0.04 -0.8 0.64 0.11
0.0 0.0 0.0 0.0 0.0 0.0 0.0 0.0 0.3 -0.58 0.04 0.9 -0.61 0.31 0.47 0.58 -0.04 -0.8 0.64 0.11
0.0 0.0 0.0 0.0 0.0 0.0 0.0 0.0 0.3 -0.58 0.04 0.9 -0.61 0.31 0.47 0.58 -0.04 -0.8 0.64 0.11
0.0 0.0 0.0 0.0 0.0 0.0 0.0 0.0 0.3 -0.58 0.04 0.9 -0.61 0.31 0.47 0.58 -0.04 -0.8 0.64 0.11
0.0 0.0 0.0 0.0 0.0 0.0 0.0 0.0 0.3 -0.58 0.04 0.9 -0.61 0.31 0.47 0.58 -0.04 -0.8 0.64 0.11
0.0 0.0 0.0 0.0 0.0 0.0 0.0 0.0 0.3 -0.58 0.04 0.9 -0.61 0.31 0.47 0.58 -0.04 -0.8 0.64 0.11
0.0 0.0 0.0 0.0 0.0 0.0 0.0 0.0 0.3 -0.58 0.04 0.9 -0.61 0.31 0.47 0.58 -0.04 -0.8 0.64 0.11
0.0 0.0 0.0 0.0 0.0 0.0 0.0 0.0 0.3 -0.58 0.04 0.9 -0.61 0.31 0.47 0.58 -0.04 -0.8 0.64 0.11
0.0 0.0 0.0 0.0 0.0 0.0 0.0 0.0 0.3 -0.58 0.04 0.9 -0.61 0.31 0.47 0.58 -0.04 -0.8 0.64 0.11
0.0 0.0 0.0 0.0 0.0 0.0 0.0 0.0 0.3 -0.58 0.04 0.9 -0.61 0.31 0.47 0.58 -0.04 -0.8 0.64 0.11
0.0 0.0 0.0 0.0 0.0 0.0 0.0 0.0 0.3 -0.58 0.04 0.9 -0.61 0.31 0.47 0.58 -0.04 -0.8 0.64 0.11
0.0 0.0 0.0 0.0 0.0 0.0 0.0 0.0 0.3 -0.58 0.04 0.89 -0.61 0.31 0.47 0.58 -0.04 -0.81 0.65 0.11
0.0 0.0 0.0 0.0 0.0 0.0 0.0 0.0 0.3 -0.57 0.04 0.89 -0.6 0.31 0.47 0.58 -0.04 -0.81 0.65 0.11
0.0 0.0 0.0 0.0 0.0 0.0 0.0 0.0 0.3 -0.57 0.04 0.88 -0.6 0.31 0.47 0.58 -0.04 -0.82 0.65 0.12
0.0 0.0 0.0 0.0 0.0 0.0 0.0 0.0 0.3 -0.57 0.04 0.88 -0.6 0.31 0.47 0.58 -0.04 -0.82 0.66 0.12
0.0 0.0 0.0 0.0 0.0 0.0 0.0 0.0 0.3 -0.56 0.04 0.87 -0.6 0.31 0.47 0.57 -0.04 -0.83 0.66 0.12
0.0 0.0 0.0 0.0 0.0 0.0 0.0 0.0 0.3 -0.56 0.04 0.86 -0.59 0.31 0.47 0.57 -0.04 -0.84 0.67 0.13
0.0 0.0 0.0 0.0 0.0 0.0 0.0 0.0 0.3 -0.55 0.04 0.85 -0.59 0.31 0.47 0.57 -0.04 -0.85 0.68 0.13
0.0 0.0 0.0 0.0 0.0 0.0 0.0 0.0 0.3 -0.54 0.04 0.84 -0.58 0.31 0.47 0.57 -0.04 -0.87 0.69 0.13
0.0 0.0 0.0 0.0 0.0 0.0 0.0 0.0 0.3 -0.53 0.04 0.83 -0.58 0.32 0.47 0.57 -0.04 -0.88 0.7 0.14
0.0 0.0 0.0 0.0 0.0 0.0 0.0 0.0 0.3 -0.53 0.04 0.81 -0.57 0.32 0.47 0.56 -0.04 -0.89 0.71 0.14
0.0 0.0 0.0 0.0 0.0 0.0 0.0 0.0 0.29 -0.52 0.04 0.8 -0.56 0.32 0.47 0.56 -0.04 -0.91 0.72 0.15
0.0 0.0 0.0 0.0 0.0 0.0 0.0 0.0 0.29 -0.51 0.04 0.78 -0.56 0.32 0.47 0.56 -0.04 -0.93 0.73 0.16
0.0 0.0 0.0 0.0 0.0 0.0 0.0 0.0 0.29 -0.5 0.04 0.77 -0.55 0.32 0.47 0.55 -0.04 -0.94 0.74 0.16
0.0 0.0 0.0 0.0 0.0 0.0 0.0 0.0 0.29 -0.49 0.04 0.75 -0.54 0.32 0.47 0.55 -0.04 -0.96 0.75 0.17
0.0 0.0 0.0 0.0 0.0 0.0 0.0 0.0 0.29 -0.48 0.04 0.73 -0.53 0.32 0.47 0.55 -0.04 -0.98 0.77 0.18
0.0 0.0 0.0 0.0 0.0 0.0 0.0 0.0 0.29 -0.46 0.04 0.71 -0.53 0.32 0.47 0.54 -0.04 -1.0 0.78 0.18
0.0 0.0 0.0 0.0 0.0 0.0 0.0 0.0 0.29 -0.45 0.04 0.69 -0.52 0.33 0.47 0.54 -0.04 -1.02 0.8 0.19
0.0 0.0 0.0 0.0 0.0 0.0 0.0 0.0 0.29 -0.44 0.04 0.67 -0.51 0.33 0.47 0.54 -0.04 -1.04 0.81 0.2
0.0 0.0 0.0 0.0 0.0 0.0 0.0 0.0 0.29 -0.43 0.04 0.65 -0.5 0.33 0.47 0.53 -0.04 -1.06 0.83 0.21
0.0 0.0 0.0 0.0 0.0 0.0 0.0 0.0 0.29 -0.41 0.04 0.63 -0.49 0.33 0.46 0.53 -0.04 -1.09 0.84 0.21
0.0 0.0 0.0 0.0 0.0 0.0 0.0 0.0 0.28 -0.4 0.04 0.62 -0.48 0.33 0.46 0.53 -0.04 -1.11 0.85 0.22
0.0 0.0 0.0 0.0 0.0 0.0 0.0 0.0 0.28 -0.39 0.04 0.6 -0.47 0.33 0.46 0.52 -0.04 -1.13 0.87 0.23
0.0 0.0 0.0 0.0 0.0 0.0 0.0 0.0 0.28 -0.38 0.04 0.58 -0.46 0.33 0.46 0.52 -0.04 -1.15 0.88 0.24
0.0 0.0 0.0 0.0 0.0 0.0 0.0 0.0 0.28 -0.37 0.04 0.56 -0.45 0.34 0.46 0.52 -0.04 -1.17 0.9 0.25
0.0 0.0 0.0 0.0 0.0 0.0 0.0 0.0 0.28 -0.35 0.04 0.54 -0.45 0.34 0.46 0.51 -0.04 -1.19 0.91 0.25
0.0 0.0 0.0 0.0 0.0 0.0 0.0 0.0 0.28 -0.34 0.04 0.52 -0.44 0.34 0.46 0.51 -0.04 -1.21 0.93 0.26
0.0 0.0 0.0 0.0 0.0 0.0 0.0 0.0 0.28 -0.33 0.04 0.5 -0.43 0.34 0.46 0.51 -0.04 -1.23 0.94 0.27
0.0 0.0 0.0 0.0 0.0 0.0 0.0 0.0 0.28 -0.32 0.04 0.49 -0.42 0.34 0.46 0.5 -0.04 -1.24 0.95 0.27
0.0 0.0 0.0 0.0 0.0 0.0 0.0 0.0 0.28 -0.31 0.04 0.47 -0.42 0.34 0.46 0.5 -0.04 -1.26 0.96 0.28
0.0 0.0 0.0 0.0 0.0 0.0 0.0 0.0 0.27 -0.3 0.04 0.46 -0.41 0.34 0.46 0.5 -0.04 -1.28 0.97 0.29
0.0 0.0 0.0 0.0 0.0 0.0 0.0 0.0 0.27 -0.3 0.04 0.44 -0.4 0.34 0.46 0.49 -0.04 -1.29 0.98 0.29
0.0 0.0 0.0 0.0 0.0 0.0 0.0 0.0 0.27 -0.29 0.04 0.43 -0.4 0.35 0.46 0.49 -0.04 -1.3 0.99 0.3
0.0 0.0 0.0 0.0 0.0 0.0 0.0 0.0 0.27 -0.28 0.04 0.42 -0.39 0.35 0.46 0.49 -0.04 -1.32 1.0 0.3
0.0 0.0 0.0 0.0 0.0 0.0 0.0 0.0 0.27 -0.27 0.04 0.41 -0.39 0.35 0.46 0.49 -0.04 -1.33 1.01 0.3
0.0 0.0 0.0 0.0 0.0 0.0 0.0 0.0 0.27 -0.27 0.04 0.4 -0.38 0.35 0.46 0.49 -0.04 -1.34 1.02 0.31
0.0 0.0 0.0 0.0 0.0 0.0 0.0 0.0 0.27 -0.26 0.04 0.39 -0.38 0.35 0.46 0.48 -0.04 -1.35 1.02 0.31
0.0 0.0 0.0 0.0 0.0 0.0 0.0 0.0 0.27 -0.26 0.04 0.39 -0.38 0.35 0.46 0.48 -0.04 -1.35 1.03 0.31
0.0 0.0 0.0 0.0 0.0 0.0 0.0 0.0 0.27 -0.26 0.04 0.38 -0.38 0.35 0.46 0.48 -0.04 -1.36 1.03 0.32
0.0 0.0 0.0 0.0 0.0 0.0 0.0 0.0 0.27 -0.25 0.04 0.38 -0.37 0.35 0.46 0.48 -0.04 -1.36 1.03 0.32
0.0 0.0 0.0 0.0 0.0 0.0 0.0 0.0 0.27 -0.25 0.04 0.37 -0.37 0.35 0.46 0.48 -0.04 -1.37 1.04 0.32
0.0 0.0 0.0 0.0 0.0 0.0 0.0 0.0 0.27 -0.25 0.04 0.37 -0.37 0.35 0.46 0.48 -0.04 -1.37 1.04 0.32
0.0 0.0 0.0 0.0 0.0 0.0 0.0 0.0 0.27 -0.25 0.04 0.37 -0.37 0.35 0.46 0.48 -0.04 -1.37 1.04 0.32
0.0 0.0 0.0 0.0 0.0 0.0 0.0 0.0 0.27 -0.25 0.04 0.37 -0.37 0.35 0.46 0.48 -0.04 -1.37 1.04 0.32
0.0 0.0 0.0 0.0 0.0 0.0 0.0 0.0 0.27 -0.25 0.04 0.37 -0.37 0.35 0.46 0.48 -0.04 -1.37 1.04 0.32
0.0 0.0 0.0 0.0 0.0 0.0 0.0 0.0 0.27 -0.25 0.04 0.37 -0.37 0.35 0.46 0.48 -0.04 -1.37 1.04 0.32
0.0 0.0 0.0 0.0 0.0 0.0 0.0 0.0 0.27 -0.25 0.04 0.37 -0.37 0.35 0.46 0.48 -0.04 -1.37 1.04 0.32
0.0 0.0 0.0 0.0 0.0 0.0 0.0 0.0 0.27 -0.25 0.04 0.37 -0.37 0.35 0.46 0.48 -0.04 -1.37 1.04 0.32
0.0 0.0 0.0 0.0 0.0 0.0 0.0 0.0 0.27 -0.25 0.04 0.37 -0.37 0.35 0.46 0.48 -0.04 -1.37 1.04 0.32
0.0 0.0 0.0 0.0 0.0 0.0 0.0 0.0 0.27 -0.25 0.04 0.37 -0.37 0.35 0.46 0.48 -0.04 -1.37 1.04 0.32
0.0 0.0 0.0 0.0 0.0 0.0 0.0 0.0 0.27 -0.25 0.04 0.37 -0.37 0.35 0.46 0.49 -0.04 -1.37 1.03 0.32
0.0 0.0 0.0 0.0 0.0 0.0 0.0 0.0 0.27 -0.25 0.04 0.37 -0.37 0.35 0.46 0.49 -0.04 -1.37 1.03 0.32
0.0 0.0 0.0 0.0 0.0 0.0 0.0 0.0 0.27 -0.25 0.04 0.37 -0.37 0.35 0.46 0.49 -0.04 -1.37 1.03 0.32
0.0 0.0 0.0 0.0 0.0 0.0 0.0 0.0 0.27 -0.25 0.04 0.37 -0.37 0.35 0.46 0.5 -0.04 -1.36 1.02 0.32
0.0 0.0 0.0 0.0 0.0 0.0 0.0 0.0 0.27 -0.24 0.04 0.37 -0.37 0.35 0.46 0.51 -0.04 -1.36 1.01 0.32
0.0 0.0 0.0 0.0 0.0 0.0 0.0 0.0 0.27 -0.24 0.04 0.37 -0.36 0.35 0.46 0.52 -0.04 -1.36 1.0 0.32
0.0 0.0 0.0 0.0 0.0 0.0 0.0 0.0 0.27 -0.24 0.04 0.37 -0.36 0.35 0.46 0.53 -0.04 -1.36 0.99 0.32
0.0 0.0 0.0 0.0 0.0 0.0 0.0 0.0 0.27 -0.24 0.04 0.37 -0.36 0.35 0.46 0.54 -0.04 -1.35 0.98 0.32
0.0 0.0 0.0 0.0 0.0 0.0 0.0 0.0 0.27 -0.24 0.04 0.37 -0.36 0.35 0.46 0.55 -0.04 -1.35 0.96 0.32
0.0 0.0 0.0 0.0 0.0 0.0 0.0 0.0 0.27 -0.23 0.04 0.37 -0.36 0.35 0.46 0.56 -0.04 -1.35 0.95 0.32
0.0 0.0 0.0 0.0 0.0 0.0 0.0 0.0 0.27 -0.23 0.04 0.37 -0.36 0.35 0.46 0.58 -0.04 -1.34 0.93 0.32
0.0 0.0 0.0 0.0 0.0 0.0 0.0 0.0 0.27 -0.23 0.04 0.37 -0.35 0.35 0.46 0.6 -0.04 -1.34 0.91 0.31
0.0 0.0 0.0 0.0 0.0 0.0 0.0 0.0 0.27 -0.22 0.04 0.37 -0.35 0.35 0.46 0.61 -0.04 -1.33 0.89 0.31
0.0 0.0 0.0 0.0 0.0 0.0 0.0 0.0 0.27 -0.22 0.04 0.37 -0.35 0.34 0.46 0.63 -0.04 -1.33 0.87 0.31
0.0 0.0 0.0 0.0 0.0 0.0 0.0 0.0 0.27 -0.22 0.04 0.37 -0.34 0.34 0.46 0.65 -0.04 -1.32 0.85 0.31
0.0 0.0 0.0 0.0 0.0 0.0 0.0 0.0 0.27 -0.21 0.04 0.37 -0.34 0.34 0.46 0.67 -0.04 -1.32 0.83 0.31
0.0 0.0 0.0 0.0 0.0 0.0 0.0 0.0 0.27 -0.21 0.04 0.37 -0.34 0.34 0.46 0.7 -0.04 -1.31 0.81 0.31
0.0 0.0 0.0 0.0 0.0 0.0 0.0 0.0 0.27 -0.2 0.04 0.37 -0.34 0.34 0.46 0.72 -0.04 -1.3 0.78 0.31
0.0 0.0 0.0 0.0 0.0 0.0 0.0 0.0 0.27 -0.2 0.04 0.37 -0.33 0.34 0.46 0.74 -0.04 -1.3 0.76 0.31
0.0 0.0 0.0 0.0 0.0 0.0 0.0 0.0 0.27 -0.19 0.04 0.37 -0.33 0.34 0.46 0.76 -0.04 -1.29 0.73 0.31
0.0 0.0 0.0 0.0 0.0 0.0 0.0 0.0 0.27 -0.19 0.04 0.37 -0.33 0.34 0.46 0.79 -0.04 -1.29 0.71 0.3
0.0 0.0 0.0 0.0 0.0 0.0 0.0 0.0 0.27 -0.19 0.04 0.37 -0.32 0.34 0.46 0.81 -0.04 -1.28 0.69 0.3
0.0 0.0 0.0 0.0 0.0 0.0 0.0 0.0 0.27 -0.18 0.04 0.37 -0.32 0.34 0.46 0.83 -0.04 -1.27 0.66 0.3
0.0 0.0 0.0 0.0 0.0 0.0 0.0 0.0 0.27 -0.18 0.04 0.37 -0.31 0.34 0.46 0.85 -0.04 -1.27 0.64 0.3
0.0 0.0 0.0 0.0 0.0 0.0 0.0 0.0 0.27 -0.17 0.04 0.37 -0.31 0.34 0.46 0.87 -0.04 -1.26 0.61 0.3
0.0 0.0 0.0 0.0 0.0 0.0 0.0 0.0 0.27 -0.17 0.04 0.37 -0.31 0.34 0.46 0.9 -0.04 -1.25 0.59 0.3
0.0 0.0 0.0 0.0 0.0 0.0 0.0 0.0 0.27 -0.16 0.04 0.37 -0.31 0.34 0.46 0.92 -0.04 -1.25 0.57 0.3
0.0 0.0 0.0 0.0 0.0 0.0 0.0 0.0 0.27 -0.16 0.04 0.37 -0.3 0.34 0.46 0.94 -0.04 -1.24 0.55 0.3
0.0 0.0 0.0 0.0 0.0 0.0 0.0 0.0 0.27 -0.16 0.04 0.37 -0.3 0.33 0.46 0.96 -0.04 -1.24 0.53 0.3
0.0 0.0 0.0 0.0 0.0 0.0 0.0 0.0 0.27 -0.15 0.04 0.37 -0.3 0.33 0.46 0.97 -0.04 -1.23 0.51 0.3
0.0 0.0 0.0 0.0 0.0 0.0 0.0 0.0 0.27 -0.15 0.04 0.37 -0.29 0.33 0.46 0.99 -0.04 -1.23 0.49 0.29
0.0 0.0 0.0 0.0 0.0 0.0 0.0 0.0 0.27 -0.15 0.04 0.37 -0.29 0.33 0.46 1.01 -0.04 -1.22 0.47 0.29
0.0 0.0 0.0 0.0 0.0 0.0 0.0 0.0 0.27 -0.14 0.04 0.37 -0.29 0.33 0.46 1.02 -0.04 -1.22 0.46 0.29
0.0 0.0 0.0 0.0 0.0 0.0 0.0 0.0 0.27 -0.14 0.04 0.37 -0.29 0.33 0.46 1.03 -0.04 -1.22 0.44 0.29
0.0 0.0 0.0 0.0 0.0 0.0 0.0 0.0 0.27 -0.14 0.04 0.37 -0.29 0.33 0.46 1.04 -0.04 -1.21 0.43 0.29
0.0 0.0 0.0 0.0 0.0 0.0 0.0 0.0 0.27 -0.14 0.04 0.37 -0.29 0.33 0.46 1.05 -0.04 -1.21 0.42 0.29
0.0 0.0 0.0 0.0 0.0 0.0 0.0 0.0 0.27 -0.14 0.04 0.37 -0.28 0.33 0.46 1.06 -0.04 -1.21 0.41 0.29
0.0 0.0 0.0 0.0 0.0 0.0 0.0 0.0 0.27 -0.13 0.04 0.37 -0.28 0.33 0.46 1.07 -0.04 -1.21 0.4 0.29
0.0 0.0 0.0 0.0 0.0 0.0 0.0 0.0 0.27 -0.13 0.04 0.37 -0.28 0.33 0.46 1.08 -0.04 -1.2 0.39 0.29
0.0 0.0 0.0 0.0 0.0 0.0 0.0 0.0 0.27 -0.13 0.04 0.37 -0.28 0.33 0.46 1.08 -0.04 -1.2 0.39 0.29
0.0 0.0 0.0 0.0 0.0 0.0 0.0 0.0 0.27 -0.13 0.04 0.37 -0.28 0.33 0.46 1.08 -0.04 -1.2 0.39 0.29
0.0 0.0 0.0 0.0 0.0 0.0 0.0 0.0 0.27 -0.13 0.04 0.37 -0.28 0.33 0.46 1.09 -0.04 -1.2 0.38 0.29
0.0 0.0 0.0 0.0 0.0 0.0 0.0 0.0 0.27 -0.13 0.04 0.37 -0.28 0.33 0.46 1.09 -0.04 -1.2 0.38 0.29
0.0 0.0 0.0 0.0 0.0 0.0 0.0 0.0 0.27 -0.13 0.04 0.37 -0.28 0.33 0.46 1.09 -0.04 -1.2 0.38 0.29
0.0 0.0 0.0 0.0 0.0 0.0 0.0 0.0 0.27 -0.13 0.04 0.37 -0.28 0.33 0.46 1.09 -0.04 -1.2 0.38 0.29
0.0 0.0 0.0 0.0 0.0 0.0 0.0 0.0 0.27 -0.13 0.04 0.37 -0.28 0.33 0.46 1.09 -0.04 -1.2 0.38 0.29
0.0 0.0 0.0 0.0 0.0 0.0 0.0 0.0 0.27 -0.13 0.04 0.37 -0.28 0.33 0.46 1.09 -0.04 -1.2 0.38 0.29
0.0 0.0 0.0 0.0 0.0 0.0 0.0 0.0 0.27 -0.13 0.04 0.37 -0.28 0.33 0.46 1.09 -0.04 -1.2 0.38 0.29
0.0 0.0 0.0 0.0 0.0 0.0 0.0 0.0 0.27 -0.13 0.04 0.37 -0.28 0.33 0.46 1.09 -0.04 -1.2 0.38 0.29
0.0 0.0 0.0 0.0 0.0 0.0 0.0 0.0 0.27 -0.13 0.04 0.37 -0.28 0.33 0.46 1.09 -0.04 -1.2 0.38 0.29
0.0 0.0 0.0 0.0 0.0 0.0 0.0 0.0 0.27 -0.13 0.04 0.37 -0.28 0.33 0.46 1.09 -0.04 -1.2 0.38 0.29
0.0 0.0 0.0 0.0 0.0 0.0 0.0 0.0 0.26 -0.14 0.04 0.38 -0.29 0.32 0.46 1.09 -0.04 -1.2 0.38 0.29
0.0 0.0 0.0 0.0 0.0 0.0 0.0 0.0 0.26 -0.14 0.04 0.38 -0.29 0.32 0.45 1.09 -0.04 -1.2 0.39 0.28
0.0 0.0 0.0 0.0 0.0 0.0 0.0 0.0 0.26 -0.14 0.04 0.39 -0.29 0.32 0.45 1.09 -0.04 -1.2 0.39 0.28
0.0 0.0 0.0 0.0 0.0 0.0 0.0 0.0 0.25 -0.15 0.04 0.39 -0.3 0.31 0.45 1.08 -0.04 -1.2 0.39 0.28
0.0 0.0 0.0 0.0 0.0 0.0 0.0 0.0 0.25 -0.16 0.04 0.4 -0.3 0.3 0.44 1.08 -0.04 -1.2 0.4 0.27
0.0 0.0 0.0 0.0 0.0 0.0 0.0 0.0 0.24 -0.16 0.04 0.41 -0.31 0.3 0.44 1.08 -0.04 -1.2 0.4 0.27
0.0 0.0 0.0 0.0 0.0 0.0 0.0 0.0 0.23 -0.17 0.04 0.42 -0.31 0.29 0.43 1.08 -0.04 -1.2 0.4 0.26
0.0 0.0 0.0 0.0 0.0 0.0 0.0 0.0 0.22 -0.18 0.04 0.43 -0.32 0.28 0.42 1.07 -0.04 -1.2 0.41 0.26
0.0 0.0 0.0 0.0 0.0 0.0 0.0 0.0 0.21 -0.19 0.04 0.44 -0.33 0.27 0.41 1.07 -0.04 -1.2 0.42 0.25
0.0 0.0 0.0 0.0 0.0 0.0 0.0 0.0 0.2 -0.2 0.04 0.46 -0.34 0.26 0.41 1.07 -0.04 -1.2 0.42 0.24
0.0 0.0 0.0 0.0 0.0 0.0 0.0 0.0 0.19 -0.22 0.04 0.47 -0.35 0.25 0.4 1.06 -0.04 -1.2 0.43 0.23
0.0 0.0 0.0 0.0 0.0 0.0 0.0 0.0 0.18 -0.23 0.04 0.49 -0.36 0.23 0.39 1.06 -0.04 -1.2 0.44 0.22
0.0 0.0 0.0 0.0 0.0 0.0 0.0 0.0 0.17 -0.24 0.04 0.5 -0.37 0.22 0.38 1.05 -0.04 -1.19 0.45 0.21
0.0 0.0 0.0 0.0 0.0 0.0 0.0 0.0 0.16 -0.26 0.04 0.52 -0.38 0.21 0.37 1.05 -0.04 -1.19 0.45 0.2
0.0 0.0 0.0 0.0 0.0 0.0 0.0 0.0 0.14 -0.27 0.04 0.54 -0.39 0.19 0.36 1.05 -0.04 -1.19 0.46 0.19
0.0 0.0 0.0 0.0 0.0 0.0 0.0 0.0 0.13 -0.29 0.04 0.56 -0.41 0.17 0.34 1.04 -0.04 -1.19 0.47 0.18
0.0 0.0 0.0 0.0 0.0 0.0 0.0 0.0 0.11 -0.3 0.04 0.58 -0.42 0.16 0.33 1.04 -0.04 -1.19 0.48 0.17
0.0 0.0 0.0 0.0 0.0 0.0 0.0 0.0 0.1 -0.32 0.04 0.6 -0.43 0.14 0.32 1.03 -0.04 -1.19 0.49 0.16
0.0 0.0 0.0 0.0 0.0 0.0 0.0 0.0 0.08 -0.34 0.04 0.62 -0.45 0.13 0.31 1.03 -0.04 -1.19 0.5 0.15
0.0 0.0 0.0 0.0 0.0 0.0 0.0 0.0 0.07 -0.36 0.04 0.64 -0.46 0.11 0.29 1.02 -0.04 -1.19 0.51 0.14
0.0 0.0 0.0 0.0 0.0 0.0 0.0 0.0 0.06 -0.37 0.04 0.65 -0.47 0.09 0.28 1.01 -0.04 -1.19 0.52 0.13
0.0 0.0 0.0 0.0 0.0 0.0 0.0 0.0 0.04 -0.39 0.04 0.67 -0.49 0.08 0.27 1.01 -0.04 -1.19 0.53 0.12
0.0 0.0 0.0 0.0 0.0 0.0 0.0 0.0 0.03 -0.41 0.04 0.69 -0.5 0.06 0.26 1.0 -0.04 -1.19 0.54 0.11
0.0 0.0 0.0 0.0 0.0 0.0 0.0 0.0 0.01 -0.42 0.04 0.71 -0.51 0.05 0.25 1.0 -0.04 -1.19 0.55 0.1
0.0 0.0 0.0 0.0 0.0 0.0 0.0 0.0 -0.0 -0.44 0.04 0.73 -0.53 0.03 0.23 0.99 -0.04 -1.19 0.56 0.09
0.0 0.0 0.0 0.0 0.0 0.0 0.0 0.0 -0.02 -0.45 0.04 0.75 -0.54 0.01 0.22 0.99 -0.04 -1.19 0.57 0.08
0.0 0.0 0.0 0.0 0.0 0.0 0.0 0.0 -0.03 -0.47 0.04 0.77 -0.55 0.0 0.21 0.99 -0.04 -1.19 0.57 0.07
0.0 0.0 0.0 0.0 0.0 0.0 0.0 0.0 -0.04 -0.48 0.04 0.78 -0.56 -0.01 0.2 0.98 -0.04 -1.18 0.58 0.06
0.0 0.0 0.0 0.0 0.0 0.0 0.0 0.0 -0.05 -0.49 0.04 0.8 -0.57 -0.03 0.19 0.98 -0.04 -1.18 0.59 0.05
0.0 0.0 0.0 0.0 0.0 0.0 0.0 0.0 -0.06 -0.51 0.04 0.81 -0.58 -0.04 0.18 0.97 -0.04 -1.18 0.6 0.04
0.0 0.0 0.0 0.0 0.0 0.0 0.0 0.0 -0.07 -0.52 0.04 0.83 -0.59 -0.05 0.18 0.97 -0.04 -1.18 0.6 0.03
0.0 0.0 0.0 0.0 0.0 0.0 0.0 0.0 -0.08 -0.53 0.04 0.84 -0.6 -0.06 0.17 0.97 -0.04 -1.18 0.61 0.02
0.0 0.0 0.0 0.0 0.0 0.0 0.0 0.0 -0.09 -0.54 0.04 0.85 -0.61 -0.07 0.16 0.96 -0.04 -1.18 0.62 0.02
0.0 0.0 0.0 0.0 0.0 0.0 0.0 0.0 -0.1 -0.55 0.04 0.86 -0.61 -0.08 0.15 0.96 -0.04 -1.18 0.62 0.01
0.0 0.0 0.0 0.0 0.0 0.0 0.0 0.0 -0.11 -0.55 0.04 0.87 -0.62 -0.08 0.15 0.96 -0.04 -1.18 0.62 0.01
0.0 0.0 0.0 0.0 0.0 0.0 0.0 0.0 -0.11 -0.56 0.04 0.88 -0.62 -0.09 0.14 0.96 -0.04 -1.18 0.63 0.0
0.0 0.0 0.0 0.0 0.0 0.0 0.0 0.0 -0.12 -0.57 0.04 0.88 -0.63 -0.1 0.14 0.95 -0.04 -1.18 0.63 -0.0
0.0 0.0 0.0 0.0 0.0 0.0 0.0 0.0 -0.12 -0.57 0.04 0.89 -0.63 -0.1 0.14 0.95 -0.04 -1.18 0.63 -0.0
0.0 0.0 0.0 0.0 0.0 0.0 0.0 0.0 -0.12 -0.57 0.04 0.89 -0.63 -0.1 0.13 0.95 -0.04 -1.18 0.64 -0.01
0.0 0.0 0.0 0.0 0.0 0.0 0.0 0.0 -0.13 -0.58 0.04 0.9 -0.64 -0.11 0.13 0.95 -0.04 -1.18 0.64 -0.01
0.0 0.0 0.0 0.0 0.0 0.0 0.0 0.0 -0.13 -0.58 0.04 0.9 -0.64 -0.11 0.13 0.95 -0.04 -1.18 0.64 -0.01
0.0 0.0 0.0 0.0 0.0 0.0 0.0 0.0 -0.13 -0.58 0.04 0.9 -0.64 -0.11 0.13 0.95 -0.04 -1.18 0.64 -0.01
0.0 0.0 0.0 0.0 0.0 0.0 0.0 0.0 -0.13 -0.58 0.04 0.9 -0.64 -0.11 0.13 0.95 -0.04 -1.18 0.64 -0.01
0.0 0.0 0.0 0.0 0.0 0.0 0.0 0.0 -0.13 -0.58 0.04 0.9 -0.64 -0.11 0.13 0.95 -0.04 -1.18 0.64 -0.01
0.0 0.0 0.0 0.0 0.0 0.0 0.0 0.0 -0.13 -0.58 0.04 0.9 -0.64 -0.11 0.13 0.95 -0.04 -1.18 0.64 -0.01
0.0 0.0 0.0 0.0 0.0 0.0 0.0 0.0 -0.13 -0.58 0.04 0.9 -0.64 -0.11 0.13 0.95 -0.04 -1.18 0.64 -0.01
0.0 0.0 0.0 0.0 0.0 0.0 0.0 0.0 -0.13 -0.58 0.04 0.9 -0.64 -0.11 0.13 0.95 -0.04 -1.18 0.64 -0.01
0.0 0.0 0.0 0.0 0.0 0.0 0.0 0.0 -0.13 -0.58 0.04 0.9 -0.64 -0.11 0.13 0.95 -0.04 -1.18 0.64 -0.01
0.0 0.0 0.0 0.0 0.0 0.0 0.0 0.0 -0.13 -0.58 0.04 0.9 -0.64 -0.11 0.13 0.95 -0.04 -1.18 0.64 -0.01
0.0 0.0 0.0 0.0 0.0 0.0 0.0 0.0 -0.13 -0.58 0.04 0.9 -0.64 -0.11 0.13 0.95 -0.04 -1.18 0.64 -0.01
0.0 0.0 0.0 0.0 0.0 0.0 0.0 0.0 -0.13 -0.58 0.04 0.9 -0.64 -0.11 0.13 0.94 -0.04 -1.18 0.64 -0.01
0.0 0.0 0.0 0.0 0.0 0.0 0.0 0.0 -0.13 -0.58 0.04 0.9 -0.64 -0.11 0.13 0.94 -0.04 -1.17 0.64 -0.01
0.0 0.0 0.0 0.0 0.0 0.0 0.0 0.0 -0.13 -0.58 0.04 0.9 -0.64 -0.11 0.13 0.94 -0.04 -1.17 0.64 -0.01
0.0 0.0 0.0 0.0 0.0 0.0 0.0 0.0 -0.13 -0.58 0.04 0.9 -0.64 -0.11 0.13 0.93 -0.04 -1.17 0.64 -0.0
0.0 0.0 0.0 0.0 0.0 0.0 0.0 0.0 -0.13 -0.58 0.04 0.9 -0.64 -0.11 0.13 0.93 -0.04 -1.16 0.64 -0.0
0.0 0.0 0.0 0.0 0.0 0.0 0.0 0.0 -0.13 -0.58 0.04 0.9 -0.64 -0.11 0.13 0.92 -0.04 -1.16 0.64 -0.0
0.0 0.0 0.0 0.0 0.0 0.0 0.0 0.0 -0.13 -0.58 0.04 0.9 -0.64 -0.11 0.13 0.92 -0.04 -1.15 0.64 0.0
0.0 0.0 0.0 0.0 0.0 0.0 0.0 0.0 -0.13 -0.58 0.04 0.9 -0.64 -0.11 0.13 0.91 -0.04 -1.15 0.64 0.0
0.0 0.0 0.0 0.0 0.0 0.0 0.0 0.0 -0.13 -0.58 0.04 0.9 -0.64 -0.11 0.13 0.9 -0.04 -1.14 0.64 0.01
0.0 0.0 0.0 0.0 0.0 0.0 0.0 0.0 -0.13 -0.58 0.04 0.9 -0.64 -0.11 0.13 0.89 -0.04 -1.13 0.64 0.01
0.0 0.0 0.0 0.0 0.0 0.0 0.0 0.0 -0.13 -0.58 0.04 0.9 -0.64 -0.11 0.13 0.88 -0.04 -1.13 0.64 0.01
0.0 0.0 0.0 0.0 0.0 0.0 0.0 0.0 -0.13 -0.58 0.04 0.9 -0.64 -0.11 0.13 0.87 -0.04 -1.12 0.64 0.02
0.0 0.0 0.0 0.0 0.0 0.0 0.0 0.0 -0.13 -0.58 0.04 0.9 -0.64 -0.11 0.13 0.86 -0.04 -1.11 0.64 0.02
0.0 0.0 0.0 0.0 0.0 0.0 0.0 0.0 -0.13 -0.58 0.04 0.9 -0.64 -0.11 0.13 0.85 -0.04 -1.1 0.64 0.02
0.0 0.0 0.0 0.0 0.0 0.0 0.0 0.0 -0.13 -0.58 0.04 0.9 -0.64 -0.11 0.13 0.83 -0.04 -1.09 0.64 0.03
0.0 0.0 0.0 0.0 0.0 0.0 0.0 0.0 -0.13 -0.58 0.04 0.9 -0.64 -0.11 0.13 0.82 -0.04 -1.08 0.64 0.03
0.0 0.0 0.0 0.0 0.0 0.0 0.0 0.0 -0.13 -0.58 0.04 0.9 -0.64 -0.11 0.13 0.81 -0.04 -1.07 0.64 0.04
0.0 0.0 0.0 0.0 0.0 0.0 0.0 0.0 -0.13 -0.58 0.04 0.9 -0.64 -0.11 0.13 0.79 -0.04 -1.06 0.64 0.04
0.0 0.0 0.0 0.0 0.0 0.0 0.0 0.0 -0.13 -0.58 0.04 0.9 -0.64 -0.11 0.13 0.78 -0.04 -1.05 0.64 0.05
0.0 0.0 0.0 0.0 0.0 0.0 0.0 0.0 -0.13 -0.58 0.04 0.9 -0.64 -0.11 0.13 0.76 -0.04 -1.04 0.64 0.05
0.0 0.0 0.0 0.0 0.0 0.0 0.0 0.0 -0.13 -0.58 0.04 0.9 -0.64 -0.11 0.13 0.75 -0.04 -1.03 0.64 0.05
0.0 0.0 0.0 0.0 0.0 0.0 0.0 0.0 -0.13 -0.58 0.04 0.9 -0.64 -0.11 0.13 0.74 -0.04 -1.02 0.64 0.06
0.0 0.0 0.0 0.0 0.0 0.0 0.0 0.0 -0.13 -0.58 0.04 0.9 -0.64 -0.11 0.13 0.72 -0.04 -1.01 0.64 0.06
0.0 0.0 0.0 0.0 0.0 0.0 0.0 0.0 -0.13 -0.58 0.04 0.9 -0.64 -0.11 0.13 0.71 -0.04 -1.0 0.64 0.07
0.0 0.0 0.0 0.0 0.0 0.0 0.0 0.0 -0.13 -0.58 0.04 0.9 -0.64 -0.11 0.13 0.7 -0.04 -0.99 0.64 0.07
0.0 0.0 0.0 0.0 0.0 0.0 0.0 0.0 -0.13 -0.58 0.04 0.9 -0.64 -0.11 0.13 0.68 -0.04 -0.98 0.64 0.08
0.0 0.0 0.0 0.0 0.0 0.0 0.0 0.0 -0.13 -0.58 0.04 0.9 -0.64 -0.11 0.13 0.67 -0.04 -0.97 0.64 0.08
0.0 0.0 0.0 0.0 0.0 0.0 0.0 0.0 -0.13 -0.58 0.04 0.9 -0.64 -0.11 0.13 0.66 -0.04 -0.96 0.64 0.08
0.0 0.0 0.0 0.0 0.0 0.0 0.0 0.0 -0.13 -0.58 0.04 0.9 -0.64 -0.11 0.13 0.65 -0.04 -0.95 0.64 0.09
0.0 0.0 0.0 0.0 0.0 0.0 0.0 0.0 -0.13 -0.58 0.04 0.9 -0.64 -0.11 0.13 0.64 -0.04 -0.95 0.64 0.09
0.0 0.0 0.0 0.0 0.0 0.0 0.0 0.0 -0.13 -0.58 0.04 0.9 -0.64 -0.11 0.13 0.63 -0.04 -0.94 0.64 0.09
0.0 0.0 0.0 0.0 0.0 0.0 0.0 0.0 -0.13 -0.58 0.04 0.9 -0.64 -0.11 0.13 0.62 -0.04 -0.93 0.64 0.1
0.0 0.0 0.0 0.0 0.0 0.0 0.0 0.0 -0.13 -0.58 0.04 0.9 -0.64 -0.11 0.13 0.61 -0.04 -0.93 0.64 0.1
0.0 0.0 0.0 0.0 0.0 0.0 0.0 0.0 -0.13 -0.58 0.04 0.9 -0.64 -0.11 0.13 0.61 -0.04 -0.92 0.64 0.1
0.0 0.0 0.0 0.0 0.0 0.0 0.0 0.0 -0.13 -0.58 0.04 0.9 -0.64 -0.11 0.13 0.6 -0.04 -0.92 0.64 0.1
0.0 0.0 0.0 0.0 0.0 0.0 0.0 0.0 -0.13 -0.58 0.04 0.9 -0.64 -0.11 0.13 0.6 -0.04 -0.91 0.64 0.1
0.0 0.0 0.0 0.0 0.0 0.0 0.0 0.0 -0.13 -0.58 0.04 0.9 -0.64 -0.11 0.13 0.59 -0.04 -0.91 0.64 0.11
0.0 0.0 0.0 0.0 0.0 0.0 0.0 0.0 -0.13 -0.58 0.04 0.9 -0.64 -0.11 0.13 0.59 -0.04 -0.91 0.64 0.11
0.0 0.0 0.0 0.0 0.0 0.0 0.0 0.0 -0.13 -0.58 0.04 0.9 -0.64 -0.11 0.13 0.59 -0.04 -0.9 0.64 0.11
0.0 0.0 0.0 0.0 0.0 0.0 0.0 0.0 -0.13 -0.58 0.04 0.9 -0.64 -0.11 0.13 0.58 -0.04 -0.9 0.64 0.11
0.0 0.0 0.0 0.0 0.0 0.0 0.0 0.0 -0.13 -0.58 0.04 0.9 -0.64 -0.11 0.13 0.58 -0.04 -0.9 0.64 0.11
0.0 0.0 0.0 0.0 0.0 0.0 0.0 0.0 -0.13 -0.58 0.04 0.9 -0.64 -0.11 0.13 0.58 -0.04 -0.9 0.64 0.11
0.0 0.0 0.0 0.0 0.0 0.0 0.0 0.0 -0.13 -0.58 0.04 0.9 -0.64 -0.11 0.13 0.58 -0.04 -0.9 0.64 0.11
0.0 0.0 0.0 0.0 0.0 0.0 0.0 0.0 -0.13 -0.58 0.04 0.9 -0.64 -0.11 0.13 0.58 -0.04 -0.9 0.64 0.11
0.0 0.0 0.0 0.0 0.0 0.0 0.0 0.0 -0.13 -0.58 0.04 0.9 -0.64 -0.11 0.13 0.58 -0.04 -0.9 0.64 0.11
