667 200
0.0 0.0 1.27 1.45 -2.72 -1.31 -1.45 2.69 0.0 -0.73 0.0 1.08 -1.19 0.0 0.0 0.73 0.0 -1.08 1.19 0.0
0.0 0.0 1.27 1.45 -2.72 -1.31 -1.45 2.69 0.0 -0.73 0.0 1.08 -1.19 0.0 0.0 0.73 0.0 -1.08 1.19 0.0
0.0 0.0 1.27 1.45 -2.72 -1.31 -1.45 2.69 0.0 -0.73 0.0 1.08 -1.19 0.0 0.0 0.73 0.0 -1.08 1.19 0.0
0.0 0.0 1.27 1.45 -2.72 -1.31 -1.45 2.69 0.0 -0.73 0.0 1.08 -1.19 0.0 0.0 0.73 0.0 -1.08 1.19 0.0
0.0 0.0 1.27 1.45 -2.72 -1.31 -1.45 2.69 0.0 -0.73 0.0 1.08 -1.19 0.0 0.0 0.73 0.0 -1.08 1.19 0.0
0.0 0.0 1.27 1.45 -2.72 -1.31 -1.45 2.69 0.0 -0.73 0.0 1.08 -1.19 0.0 0.0 0.73 0.0 -1.08 1.19 0.0
0.0 0.0 1.27 1.45 -2.72 -1.31 -1.45 2.69 0.0 -0.73 0.0 1.08 -1.19 0.0 0.0 0.73 0.0 -1.08 1.19 0.0
0.0 0.0 1.27 1.45 -2.72 -1.31 -1.45 2.69 0.0 -0.73 0.0 1.08 -1.19 0.0 0.0 0.73 0.0 -1.08 1.19 0.0
0.0 0.0 1.27 1.45 -2.72 -1.31 -1.45 2.69 0.0 -0.73 0.0 1.08 -1.19 0.0 0.0 0.73 0.0 -1.08 1.19 0.0
0.0 0.0 1.27 1.45 -2.72 -1.31 -1.45 2.69 0.0 -0.73 0.0 1.08 -1.19 0.0 0.0 0.73 0.0 -1.08 1.19 0.0
0.0 0.0 1.27 1.45 -2.72 -1.31 -1.45 2.69 0.0 -0.73 0.0 1.08 -1.19 0.0 0.0 0.73 0.0 -1.08 1.19 0.0
0.0 0.0 1.27 1.45 -2.72 -1.31 -1.45 2.69 0.0 -0.73 0.0 1.08 -1.19 0.0 0.0 0.73 0.0 -1.08 1.19 0.0
0.0 0.0 1.27 1.45 -2.72 -1.31 -1.45 2.69 0.0 -0.73 0.0 1.08 -1.19 0.0 0.0 0.73 0.0 -1.08 1.19 0.0
0.0 0.0 1.27 1.45 -2.72 -1.31 -1.45 2.69 0.0 -0.73 0.0 1.08 -1.19 0.0 0.0 0.73 0.0 -1.08 1.19 0.0
0.0 0.0 1.27 1.45 -2.72 -1.31 -1.45 2.69 0.0 -0.73 0.0 1.08 -1.19 0.0 0.0 0.73 0.0 -1.08 1.19 0.0
0.0 0.0 1.27 1.45 -2.72 -1.31 -1.45 2.69 0.0 -0.73 0.0 1.08 -1.19 0.0 0.0 0.73 0.0 -1.08 1.19 0.0
0.0 0.0 1.27 1.45 -2.72 -1.31 -1.45 2.69 0.0 -0.73 0.0 1.08 -1.19 0.0 0.0 0.73 0.0 -1.08 1.19 0.0
0.0 0.0 1.27 1.45 -2.72 -1.31 -1.45 2.69 0.0 -0.73 0.0 1.08 -1.19 0.0 0.0 0.73 0.0 -1.08 1.19 0.0
0.0 0.0 1.27 1.45 -2.72 -1.31 -1.45 2.69 0.0 -0.73 0.0 1.08 -1.19 0.0 0.0 0.73 0.0 -1.08 1.19 0.0
0.0 0.0 1.27 1.45 -2.72 -1.31 -1.45 2.69 0.0 -0.73 0.0 1.08 -1.19 0.0 0.0 0.73 0.0 -1.08 1.19 0.0
0.0 0.0 1.27 1.45 -2.72 -1.31 -1.45 2.69 0.0 -0.73 0.0 1.08 -1.19 0.0 0.0 0.73 0.0 -1.08 1.19 0.0
0.0 0.0 1.27 1.45 -2.72 -1.31 -1.45 2.69 0.0 -0.73 0.0 1.08 -1.19 0.0 0.0 0.73 0.0 -1.08 1.19 0.0
0.0 0.0 1.27 1.45 -2.72 -1.31 -1.45 2.69 0.0 -0.73 0.0 1.08 -1.19 0.0 0.0 0.73 0.0 -1.08 1.19 0.0
0.0 0.0 1.27 1.45 -2.72 -1.31 -1.45 2.69 0.0 -0.73 0.0 1.08 -1.19 0.0 0.0 0.73 0.0 -1.08 1.19 0.0
0.0 0.0 1.27 1.45 -2.72 -1.31 -1.45 2.69 0.0 -0.73 0.0 1.08 -1.19 0.0 0.0 0.73 0.0 -1.08 1.19 0.0
0.0 0.0 1.27 1.45 -2.72 -1.31 -1.45 2.69 0.0 -0.73 0.0 1.08 -1.19 0.0 0.0 0.73 0.0 -1.08 1.19 0.0
0.0 0.0 1.27 1.45 -2.72 -1.31 -1.45 2.69 0.0 -0.73 0.0 1.08 -1.19 0.0 0.0 0.73 0.0 -1.08 1.19 0.0
0.0 0.0 1.27 1.45 -2.72 -1.31 -1.45 2.69 0.0 -0.73 0.0 1.08 -1.19 0.0 0.0 0.73 0.0 -1.08 1.19 0.0
0.0 0.0 1.27 1.45 -2.72 -1.31 -1.45 2.69 0.0 -0.73 0.0 1.08 -1.19 0.0 0.0 0.73 0.0 -1.08 1.19 0.0
0.0 0.0 1.27 1.45 -2.72 -1.31 -1.45 2.69 0.0 -0.73 0.0 1.08 -1.19 0.0 0.0 0.73 0.0 -1.08 1.19 0.0
0.0 0.0 1.27 1.45 -2.72 -1.31 -1.45 2.69 0.0 -0.73 0.0 1.08 -1.19 0.0 0.0 0.73 0.0 -1.08 1.19 0.0
0.0 0.0 1.27 1.45 -2.72 -1.31 -1.45 2.69 0.0 -0.73 0.0 1.08 -1.19 0.0 0.0 0.73 0.0 -1.08 1.19 0.0
0.0 0.0 1.27 1.45 -2.72 -1.31 -1.45 2.69 0.0 -0.73 0.0 1.08 -1.19 0.0 0.0 0.73 0.0 -1.08 1.19 0.0
0.0 0.0 1.27 1.45 -2.72 -1.31 -1.45 2.69 0.0 -0.73 0.0 1.08 -1.19 0.0 0.0 0.73 0.0 -1.08 1.19 0.0
0.0 0.0 1.27 1.45 -2.72 -1.31 -1.45 2.69 0.0 -0.73 0.0 1.08 -1.19 0.0 0.0 0.73 0.0 -1.08 1.19 0.0
0.0 0.0 1.27 1.45 -2.72 -1.31 -1.45 2.69 0.0 -0.73 0.0 1.08 -1.19 0.0 0.0 0.73 0.0 -1.08 1.19 0.0
0.0 0.0 1.27 1.45 -2.72 -1.31 -1.45 2.69 0.0 -0.73 0.0 1.08 -1.19 0.0 0.0 0.73 0.0 -1.08 1.19 0.0
0.0 0.0 1.27 1.45 -2.72 -1.31 -1.45 2.69 0.0 -0.73 0.0 1.08 -1.19 0.0 0.0 0.73 0.0 -1.08 1.19 0.0
0.0 0.0 1.27 1.45 -2.72 -1.31 -1.45 2.69 0.0 -0.73 0.0 1.08 -1.19 0.0 0.0 0.73 0.0 -1.08 1.19 0.0
0.0 0.0 1.27 1.45 -2.72 -1.31 -1.45 2.69 0.0 -0.73 0.0 1.08 -1.19 0.0 0.0 0.73 0.0 -1.08 1.19 0.0
0.0 0.0 1.27 1.45 -2.72 -1.31 -1.45 2.69 0.0 -0.73 0.0 1.08 -1.19 0.0 0.0 0.73 0.0 -1.08 1.19 0.0
0.0 0.0 1.27 1.45 -2.72 -1.31 -1.45 2.69 0.0 -0.73 0.0 1.08 -1.19 0.0 0.0 0.73 0.0 -1.08 1.19 0.0
0.0 0.0 1.27 1.45 -2.72 -1.31 -1.45 2.69 0.0 -0.73 0.0 1.08 -1.19 0.0 0.0 0.73 0.0 -1.08 1.19 0.0
0.0 0.0 1.27 1.45 -2.72 -1.31 -1.45 2.69 0.0 -0.73 0.0 1.08 -1.19 0.0 0.0 0.73 0.0 -1.08 1.19 0.0
0.0 0.0 1.27 1.45 -2.72 -1.31 -1.45 2.69 0.0 -0.73 0.0 1.08 -1.19 0.0 0.0 0.73 0.0 -1.08 1.19 0.0
0.0 0.0 1.27 1.45 -2.72 -1.31 -1.45 2.69 0.0 -0.73 0.0 1.08 -1.19 0.0 0.0 0.73 0.0 -1.08 1.19 0.0
0.0 0.0 1.27 1.45 -2.72 -1.31 -1.45 2.69 0.0 -0.73 0.0 1.08 -1.19 0.0 0.0 0.73 0.0 -1.08 1.19 0.0
0.0 0.0 1.27 1.45 -2.72 -1.31 -1.45 2.69 0.0 -0.73 0.0 1.08 -1.19 0.0 0.0 0.73 0.0 -1.08 1.19 0.0
0.0 0.0 1.27 1.45 -2.72 -1.31 -1.45 2.69 0.0 -0.73 0.0 1.08 -1.19 0.0 0.0 0.73 0.0 -1.08 1.19 0.0
0.0 0.0 1.27 1.45 -2.72 -1.31 -1.45 2.69 0.0 -0.73 0.0 1.08 -1.19 0.0 0.0 0.73 0.0 -1.08 1.19 0.0
0.0 0.0 1.27 1.45 -2.72 -1.31 -1.45 2.69 0.0 -0.73 0.0 1.08 -1.19 0.0 0.0 0.73 0.0 -1.08 1.19 0.0
0.0 0.0 1.25 1.45 -2.72 -1.29 -1.45 2.69 0.0 -0.73 0.0 1.08 -1.19 0.0 0.0 0.73 0.0 -1.08 1.19 0.0
0.0 0.0 1.21 1.45 -2.72 -1.25 -1.45 2.69 0.0 -0.73 0.0 1.08 -1.19 0.0 0.0 0.73 0.0 -1.08 1.19 0.0
0.0 0.0 1.14 1.45 -2.72 -1.18 -1.45 2.69 0.0 -0.73 0.0 1.08 -1.19 0.0 0.0 0.73 0.0 -1.08 1.19 0.0
0.0 0.0 1.05 1.45 -2.72 -1.08 -1.45 2.69 0.0 -0.73 0.0 1.08 -1.19 0.0 0.0 0.73 0.0 -1.08 1.19 0.0
0.0 0.0 0.93 1.45 -2.72 -0.96 -1.45 2.69 0.0 -0.73 0.0 1.08 -1.19 0.0 0.0 0.73 0.0 -1.08 1.19 0.0
0.0 0.0 0.81 1.45 -2.72 -0.83 -1.45 2.69 0.0 -0.73 0.0 1.08 -1.19 0.0 0.0 0.73 0.0 -1.08 1.19 0.0
0.0 0.0 0.67 1.45 -2.72 -0.69 -1.45 2.69 0.0 -0.73 0.0 1.08 -1.19 0.0 0.0 0.73 0.0 -1.08 1.19 0.0
0.0 0.0 0.55 1.45 -2.72 -0.56 -1.45 2.69 0.0 -0.73 0.0 1.08 -1.19 0.0 0.0 0.73 0.0 -1.08 1.19 0.0
0.0 0.0 0.43 1.45 -2.72 -0.44 -1.45 2.69 0.0 -0.73 0.0 1.08 -1.19 0.0 0.0 0.73 0.0 -1.08 1.19 0.0
0.0 0.0 0.34 1.45 -2.72 -0.34 -1.45 2.69 0.0 -0.73 0.0 1.08 -1.19 0.0 0.0 0.73 0.0 -1.08 1.19 0.0
0.0 0.0 0.27 1.45 -2.72 -0.27 -1.45 2.69 0.0 -0.73 0.0 1.08 -1.19 0.0 0.0 0.73 0.0 -1.08 1.19 0.0
0.0 0.0 0.23 1.45 -2.72 -0.23 -1.45 2.69 0.0 -0.73 0.0 1.08 -1.19 0.0 0.0 0.73 0.0 -1.08 1.19 0.0
0.0 0.0 0.21 1.45 -2.72 -0.21 -1.45 2.69 0.0 -0.73 0.0 1.08 -1.19 0.0 0.0 0.73 0.0 -1.08 1.19 0.0
0.0 0.0 0.21 1.45 -2.72 -0.21 -1.45 2.69 0.0 -0.73 0.0 1.08 -1.19 0.0 0.0 0.73 0.0 -1.08 1.19 0.0
0.0 0.0 0.11 1.45 -2.62 -0.11 -1.45 2.59 0.0 -0.73 0.0 1.08 -1.19 0.0 0.0 0.73 0.0 -1.08 1.19 0.0
0.0 0.0 -1.0 1.45 -0.85 1.0 -1.45 0.85 0.0 -0.73 0.0 2.3 -1.57 0.0 0.0 0.73 0.0 -2.3 1.57 0.0
0.0 0.0 -1.0 1.45 -0.85 1.0 -1.45 0.85 0.0 -0.73 0.0 2.3 -1.57 0.0 0.0 0.73 0.0 -2.3 1.57 0.0
0.0 0.0 -1.0 1.45 -0.85 1.0 -1.45 0.85 0.0 -0.73 0.0 2.3 -1.57 0.0 0.0 0.73 0.0 -2.3 1.57 0.0
0.0 0.0 -1.0 1.45 -0.85 1.0 -1.45 0.85 0.0 -0.73 0.0 2.3 -1.57 0.0 0.0 0.73 0.0 -2.3 1.57 0.0
0.0 0.0 -1.0 1.45 -0.85 1.0 -1.45 0.85 0.0 -0.73 0.0 2.3 -1.57 0.0 0.0 0.73 0.0 -2.3 1.57 0.0
0.0 0.0 -1.0 1.45 -0.85 1.0 -1.45 0.85 0.0 -0.73 0.0 2.3 -1.57 0.0 0.0 0.73 0.0 -2.3 1.57 0.0
0.0 0.0 -1.0 1.45 -0.85 1.0 -1.45 0.85 0.0 -0.73 0.0 2.3 -1.57 0.0 0.0 0.73 0.0 -2.3 1.57 0.0
0.0 0.0 -1.0 1.45 -0.85 1.0 -1.45 0.85 0.0 -0.73 0.0 2.3 -1.57 0.0 0.0 0.73 0.0 -2.3 1.57 0.0
0.0 0.0 -1.0 1.45 -0.85 1.0 -1.45 0.85 0.0 -0.73 0.0 2.3 -1.57 0.0 0.0 0.73 0.0 -2.3 1.57 0.0
0.0 0.0 -1.0 1.45 -0.85 1.0 -1.45 0.85 0.0 -0.73 0.0 2.3 -1.57 0.0 0.0 0.73 0.0 -2.3 1.57 0.0
0.0 0.0 -1.0 1.45 -0.85 1.0 -1.45 0.85 0.0 -0.73 0.0 2.3 -1.57 0.0 0.0 0.73 0.0 -2.3 1.57 0.0
0.0 0.0 -1.0 1.45 -0.85 1.0 -1.45 0.85 0.0 -0.73 0.0 2.3 -1.57 0.0 0.0 0.73 0.0 -2.3 1.57 0.0
0.0 0.0 -1.0 1.45 -0.85 1.0 -1.45 0.85 0.0 -0.73 0.0 2.3 -1.57 0.0 0.0 0.73 0.0 -2.3 1.57 0.0
0.0 0.0 -1.0 1.45 -0.85 1.0 -1.45 0.85 0.0 -0.73 0.0 2.3 -1.57 0.0 0.0 0.73 0.0 -2.3 1.57 0.0
0.0 0.0 -1.0 1.45 -0.85 1.0 -1.45 0.85 0.0 -0.73 0.0 2.3 -1.57 0.0 0.0 0.73 0.0 -2.3 1.57 0.0
0.0 0.0 -1.0 1.45 -0.85 1.0 -1.45 0.85 0.0 -0.73 0.0 2.3 -1.57 0.0 0.0 0.73 0.0 -2.3 1.57 0.0
0.0 0.0 -1.0 1.45 -0.85 1.0 -1.45 0.85 0.0 -0.73 0.0 2.3 -1.57 0.0 0.0 0.73 0.0 -2.3 1.57 0.0
0.0 0.0 -0.99 1.45 -0.85 0.99 -1.45 0.85 0.0 -0.73 0.0 2.3 -1.57 0.0 0.0 0.73 0.0 -2.3 1.57 0.0
0.0 0.0 -0.99 1.45 -0.85 0.99 -1.45 0.85 0.0 -0.73 0.0 2.3 -1.57 0.0 0.0 0.73 0.0 -2.3 1.57 0.0
0.0 0.0 -0.99 1.45 -0.85 0.99 -1.45 0.85 0.0 -0.73 0.0 2.3 -1.57 0.0 0.0 0.73 0.0 -2.3 1.57 0.0
0.0 0.0 -0.99 1.45 -0.86 0.99 -1.45 0.86 0.0 -0.73 0.0 2.3 -1.57 0.0 0.0 0.73 0.0 -2.3 1.57 0.0
0.0 0.0 -0.99 1.45 -0.86 0.99 -1.45 0.86 0.0 -0.73 0.0 2.3 -1.57 0.0 0.0 0.73 0.0 -2.3 1.57 0.0
0.0 0.0 -0.99 1.45 -0.86 0.99 -1.45 0.86 0.0 -0.73 0.0 2.3 -1.57 0.0 0.0 0.73 0.0 -2.3 1.57 0.0
0.0 0.0 -0.99 1.45 -0.86 0.99 -1.45 0.86 0.0 -0.73 0.0 2.3 -1.57 0.0 0.0 0.73 0.0 -2.3 1.57 0.0
0.0 0.0 -0.99 1.45 -0.86 0.99 -1.45 0.86 0.0 -0.73 0.0 2.3 -1.57 0.0 0.0 0.73 0.0 -2.3 1.57 0.0
0.0 0.0 -0.99 1.45 -0.86 0.99 -1.45 0.86 0.0 -0.73 0.0 2.3 -1.57 0.0 0.0 0.73 0.0 -2.3 1.57 0.0
0.0 0.0 -0.98 1.45 -0.86 0.98 -1.45 0.86 0.0 -0.73 0.0 2.3 -1.57 0.0 0.0 0.73 0.0 -2.3 1.57 0.0
0.0 0.0 -0.98 1.45 -0.86 0.98 -1.45 0.86 0.0 -0.73 0.0 2.3 -1.57 0.0 0.0 0.73 0.0 -2.3 1.57 0.0
0.0 0.0 -0.98 1.45 -0.86 0.98 -1.45 0.86 0.0 -0.73 0.0 2.3 -1.57 0.0 0.0 0.73 0.0 -2.3 1.57 0.0
0.0 0.0 -0.98 1.45 -0.86 0.98 -1.45 0.86 0.0 -0.73 0.0 2.3 -1.57 0.0 0.0 0.73 0.0 -2.3 1.57 0.0
0.0 0.0 -0.98 1.45 -0.86 0.98 -1.45 0.86 0.0 -0.73 0.0 2.3 -1.57 0.0 0.0 0.73 0.0 -2.3 1.57 0.0
0.0 0.0 -0.98 1.45 -0.87 0.98 -1.45 0.87 0.0 -0.73 0.0 2.3 -1.57 0.0 0.0 0.73 0.0 -2.3 1.57 0.0
0.0 0.0 -0.97 1.45 -0.87 0.97 -1.45 0.87 0.0 -0.73 0.0 2.3 -1.57 0.0 0.0 0.73 0.0 -2.3 1.57 0.0
0.0 0.0 -0.97 1.45 -0.87 0.97 -1.45 0.87 0.0 -0.73 0.0 2.3 -1.57 0.0 0.0 0.73 0.0 -2.3 1.57 0.0
0.0 0.0 -0.97 1.45 -0.87 0.97 -1.45 0.87 0.0 -0.73 0.0 2.3 -1.57 0.0 0.0 0.73 0.0 -2.3 1.57 0.0
0.0 0.0 -0.97 1.45 -0.87 0.97 -1.45 0.87 0.0 -0.73 0.0 2.3 -1.57 0.0 0.0 0.73 0.0 -2.3 1.57 0.0
0.0 0.0 -0.96 1.45 -0.87 0.96 -1.45 0.87 0.0 -0.73 0.0 2.3 -1.57 0.0 0.0 0.73 0.0 -2.3 1.57 0.0
0.0 0.0 -0.96 1.45 -0.87 0.96 -1.45 0.87 0.0 -0.73 0.0 2.3 -1.57 0.0 0.0 0.73 0.0 -2.3 1.57 0.0
0.0 0.0 -0.96 1.45 -0.88 0.96 -1.45 0.88 0.0 -0.73 0.0 2.3 -1.57 0.0 0.0 0.73 0.0 -2.3 1.57 0.0
0.0 0.0 -0.96 1.45 -0.88 0.96 -1.45 0.88 0.0 -0.73 0.0 2.3 -1.57 0.0 0.0 0.73 0.0 -2.3 1.57 0.0
0.0 0.0 -0.96 1.45 -0.88 0.96 -1.45 0.88 0.0 -0.73 0.0 2.3 -1.57 0.0 0.0 0.73 0.0 -2.3 1.57 0.0
0.0 0.0 -0.95 1.45 -0.88 0.95 -1.45 0.88 0.0 -0.73 0.0 2.3 -1.57 0.0 0.0 0.73 0.0 -2.3 1.57 0.0
0.0 0.0 -0.95 1.45 -0.88 0.95 -1.45 0.88 0.0 -0.73 0.0 2.3 -1.57 0.0 0.0 0.73 0.0 -2.3 1.57 0.0
0.0 0.0 -0.95 1.45 -0.88 0.95 -1.45 0.88 0.0 -0.73 0.0 2.3 -1.57 0.0 0.0 0.73 0.0 -2.3 1.57 0.0
0.0 0.0 -0.95 1.45 -0.88 0.95 -1.45 0.88 0.0 -0.73 0.0 2.3 -1.57 0.0 0.0 0.73 0.0 -2.3 1.57 0.0
0.0 0.0 -0.94 1.45 -0.89 0.94 -1.45 0.89 0.0 -0.73 0.0 2.3 -1.57 0.0 0.0 0.73 0.0 -2.3 1.57 0.0
0.0 0.0 -0.94 1.45 -0.89 0.94 -1.45 0.89 0.0 -0.73 0.0 2.3 -1.57 0.0 0.0 0.73 0.0 -2.3 1.57 0.0
0.0 0.0 -0.94 1.45 -0.89 0.94 -1.45 0.89 0.0 -0.73 0.0 2.3 -1.57 0.0 0.0 0.73 0.0 -2.3 1.57 0.0
0.0 0.0 -0.94 1.45 -0.89 0.94 -1.45 0.89 0.0 -0.73 0.0 2.3 -1.57 0.0 0.0 0.73 0.0 -2.3 1.57 0.0
0.0 0.0 -0.93 1.45 -0.89 0.93 -1.45 0.89 0.0 -0.73 0.0 2.3 -1.57 0.0 0.0 0.73 0.0 -2.3 1.57 0.0
0.0 0.0 -0.93 1.45 -0.89 0.93 -1.45 0.89 0.0 -0.73 0.0 2.3 -1.57 0.0 0.0 0.73 0.0 -2.3 1.57 0.0
0.0 0.0 -0.93 1.45 -0.9 0.93 -1.45 0.9 0.0 -0.73 0.0 2.3 -1.57 0.0 0.0 0.73 0.0 -2.3 1.57 0.0
0.0 0.0 -0.92 1.45 -0.9 0.92 -1.45 0.9 0.0 -0.73 0.0 2.3 -1.57 0.0 0.0 0.73 0.0 -2.3 1.57 0.0
0.0 0.0 -0.92 1.45 -0.9 0.92 -1.45 0.9 0.0 -0.73 0.0 2.3 -1.57 0.0 0.0 0.73 0.0 -2.3 1.57 0.0
0.0 0.0 -0.92 1.45 -0.9 0.92 -1.45 0.9 0.0 -0.73 0.0 2.3 -1.57 0.0 0.0 0.73 0.0 -2.3 1.57 0.0
0.0 0.0 -0.92 1.45 -0.9 0.92 -1.45 0.9 0.0 -0.73 0.0 2.3 -1.57 0.0 0.0 0.73 0.0 -2.3 1.57 0.0
0.0 0.0 -0.91 1.45 -0.91 0.91 -1.45 0.91 0.0 -0.73 0.0 2.3 -1.57 0.0 0.0 0.73 0.0 -2.3 1.57 0.0
0.0 0.0 -0.91 1.45 -0.91 0.91 -1.45 0.91 0.0 -0.73 0.0 2.3 -1.57 0.0 0.0 0.73 0.0 -2.3 1.57 0.0
0.0 0.0 -0.91 1.45 -0.91 0.91 -1.45 0.91 0.0 -0.73 0.0 2.3 -1.57 0.0 0.0 0.73 0.0 -2.3 1.57 0.0
0.0 0.0 -0.91 1.45 -0.91 0.91 -1.45 0.91 0.0 -0.73 0.0 2.3 -1.57 0.0 0.0 0.73 0.0 -2.3 1.57 0.0
0.0 0.0 -0.9 1.45 -0.91 0.9 -1.45 0.91 0.0 -0.73 0.0 2.3 -1.57 0.0 0.0 0.73 0.0 -2.3 1.57 0.0
0.0 0.0 -0.9 1.45 -0.91 0.9 -1.45 0.91 0.0 -0.73 0.0 2.3 -1.57 0.0 0.0 0.73 0.0 -2.3 1.57 0.0
0.0 0.0 -0.9 1.45 -0.91 0.9 -1.45 0.91 0.0 -0.73 0.0 2.3 -1.57 0.0 0.0 0.73 0.0 -2.3 1.57 0.0
0.0 0.0 -0.9 1.45 -0.92 0.9 -1.45 0.92 0.0 -0.73 0.0 2.3 -1.57 0.0 0.0 0.73 0.0 -2.3 1.57 0.0
0.0 0.0 -0.9 1.45 -0.92 0.9 -1.45 0.92 0.0 -0.73 0.0 2.3 -1.57 0.0 0.0 0.73 0.0 -2.3 1.57 0.0
0.0 0.0 -0.89 1.45 -0.92 0.89 -1.45 0.92 0.0 -0.73 0.0 2.3 -1.57 0.0 0.0 0.73 0.0 -2.3 1.57 0.0
0.0 0.0 -0.89 1.45 -0.92 0.89 -1.45 0.92 0.0 -0.73 0.0 2.3 -1.57 0.0 0.0 0.73 0.0 -2.3 1.57 0.0
0.0 0.0 -0.89 1.45 -0.92 0.89 -1.45 0.92 0.0 -0.73 0.0 2.3 -1.57 0.0 0.0 0.73 0.0 -2.3 1.57 0.0
0.0 0.0 -0.89 1.45 -0.92 0.89 -1.45 0.92 0.0 -0.73 0.0 2.3 -1.57 0.0 0.0 0.73 0.0 -2.3 1.57 0.0
0.0 0.0 -0.88 1.45 -0.92 0.88 -1.45 0.92 0.0 -0.73 0.0 2.3 -1.57 0.0 0.0 0.73 0.0 -2.3 1.57 0.0
0.0 0.0 -0.88 1.45 -0.93 0.88 -1.45 0.93 0.0 -0.73 0.0 2.3 -1.57 0.0 0.0 0.73 0.0 -2.3 1.57 0.0
0.0 0.0 -0.88 1.45 -0.93 0.88 -1.45 0.93 0.0 -0.73 0.0 2.3 -1.57 0.0 0.0 0.73 0.0 -2.3 1.57 0.0
0.0 0.0 -0.88 1.45 -0.93 0.88 -1.45 0.93 0.0 -0.73 0.0 2.3 -1.57 0.0 0.0 0.73 0.0 -2.3 1.57 0.0
0.0 0.0 -0.88 1.45 -0.93 0.88 -1.45 0.93 0.0 -0.73 0.0 2.3 -1.57 0.0 0.0 0.73 0.0 -2.3 1.57 0.0
0.0 0.0 -0.88 1.45 -0.93 0.88 -1.45 0.93 0.0 -0.73 0.0 2.3 -1.57 0.0 0.0 0.73 0.0 -2.3 1.57 0.0
0.0 0.0 -0.87 1.45 -0.93 0.87 -1.45 0.93 0.0 -0.73 0.0 2.3 -1.57 0.0 0.0 0.73 0.0 -2.3 1.57 0.0
0.0 0.0 -0.87 1.45 -0.93 0.87 -1.45 0.93 0.0 -0.73 0.0 2.3 -1.57 0.0 0.0 0.73 0.0 -2.3 1.57 0.0
0.0 0.0 -0.87 1.45 -0.93 0.87 -1.45 0.93 0.0 -0.73 0.0 2.3 -1.57 0.0 0.0 0.73 0.0 -2.3 1.57 0.0
0.0 0.0 -0.87 1.45 -0.93 0.87 -1.45 0.93 0.0 -0.73 0.0 2.3 -1.57 0.0 0.0 0.73 0.0 -2.3 1.57 0.0
0.0 0.0 -0.87 1.45 -0.93 0.87 -1.45 0.93 0.0 -0.73 0.0 2.3 -1.57 0.0 0.0 0.73 0.0 -2.3 1.57 0.0
0.0 0.0 -0.87 1.45 -0.93 0.87 -1.45 0.93 0.0 -0.73 0.0 2.3 -1.57 0.0 0.0 0.73 0.0 -2.3 1.57 0.0
0.0 0.0 -0.87 1.45 -0.94 0.87 -1.45 0.94 0.0 -0.73 0.0 2.3 -1.57 0.0 0.0 0.73 0.0 -2.3 1.57 0.0
0.0 0.0 -0.87 1.45 -0.94 0.87 -1.45 0.94 0.0 -0.73 0.0 2.3 -1.57 0.0 0.0 0.73 0.0 -2.3 1.57 0.0
0.0 0.0 -0.87 1.45 -0.94 0.87 -1.45 0.94 0.0 -0.73 0.0 2.3 -1.57 0.0 0.0 0.73 0.0 -2.3 1.57 0.0
0.0 0.0 -0.86 1.45 -0.94 0.86 -1.45 0.94 0.0 -0.73 0.0 2.3 -1.57 0.0 0.0 0.73 0.0 -2.3 1.57 0.0
0.0 0.0 -0.86 1.45 -0.94 0.86 -1.45 0.94 0.0 -0.73 0.0 2.3 -1.57 0.0 0.0 0.73 0.0 -2.3 1.57 0.0
0.0 0.0 -0.86 1.45 -0.94 0.86 -1.45 0.94 0.0 -0.73 0.0 2.3 -1.57 0.0 0.0 0.73 0.0 -2.3 1.57 0.0
0.0 0.0 -0.86 1.45 -0.94 0.86 -1.45 0.94 0.0 -0.73 0.0 2.3 -1.57 0.0 0.0 0.73 0.0 -2.3 1.57 0.0
0.0 0.0 -0.86 1.45 -0.94 0.86 -1.45 0.94 0.0 -0.73 0.0 2.3 -1.57 0.0 0.0 0.73 0.0 -2.3 1.57 0.0
0.0 0.0 -0.86 1.45 -0.94 0.86 -1.45 0.94 0.0 -0.73 0.0 2.3 -1.57 0.0 0.0 0.73 0.0 -2.3 1.57 0.0
0.0 0.0 -0.86 1.45 -0.94 0.86 -1.45 0.94 0.0 -0.73 0.0 2.3 -1.57 0.0 0.0 0.73 0.0 -2.3 1.57 0.0
0.0 0.0 -0.86 1.45 -0.94 0.86 -1.45 0.94 0.0 -0.73 0.0 2.3 -1.57 0.0 0.0 0.73 0.0 -2.3 1.57 0.0
0.0 0.0 -0.86 1.45 -0.94 0.86 -1.45 0.94 0.0 -0.73 0.0 2.3 -1.57 0.0 0.0 0.73 0.0 -2.3 1.57 0.0
0.0 0.0 -0.86 1.45 -0.94 0.86 -1.45 0.94 0.0 -0.73 0.0 2.3 -1.57 0.0 0.0 0.73 0.0 -2.3 1.57 0.0
0.0 0.0 -0.86 1.45 -0.94 0.86 -1.45 0.94 0.0 -0.73 0.0 2.3 -1.57 0.0 0.0 0.73 0.0 -2.3 1.57 0.0
0.0 0.0 -0.86 1.45 -0.94 0.86 -1.45 0.94 0.0 -0.73 0.0 2.3 -1.57 0.0 0.0 0.73 0.0 -2.3 1.57 0.0
0.0 0.0 -0.86 1.45 -0.94 0.86 -1.45 0.94 0.0 -0.73 0.0 2.3 -1.57 0.0 0.0 0.73 0.0 -2.3 1.57 0.0
0.0 0.0 -0.86 1.45 -0.94 0.86 -1.45 0.94 0.0 -0.73 0.0 2.3 -1.57 0.0 0.0 0.73 0.0 -2.3 1.57 0.0
0.0 0.0 -0.86 1.45 -0.94 0.86 -1.45 0.94 0.0 -0.73 0.0 2.3 -1.57 0.0 0.0 0.73 0.0 -2.3 1.57 0.0
0.0 0.0 -0.86 1.45 -0.94 0.86 -1.45 0.94 0.0 -0.73 0.0 2.3 -1.57 0.0 0.0 0.73 0.0 -2.3 1.57 0.0
0.0 0.0 -0.86 1.45 -0.94 0.86 -1.45 0.94 0.0 -0.73 0.0 2.3 -1.57 0.0 0.0 0.73 0.0 -2.3 1.57 0.0
0.0 0.0 -0.86 1.45 -0.94 0.86 -1.45 0.94 -0.0 -0.73 0.0 2.3 -1.57 -0.0 0.0 0.73 -0.0 -2.3 1.57 0.0
0.0 0.0 -0.86 1.45 -0.94 0.86 -1.45 0.94 -0.0 -0.73 0.0 2.3 -1.57 -0.0 0.0 0.73 -0.0 -2.3 1.57 0.0
0.0 0.0 -0.86 1.45 -0.94 0.86 -1.45 0.94 -0.0 -0.73 0.0 2.3 -1.57 -0.0 0.0 0.73 -0.0 -2.3 1.57 0.0
0.0 0.0 -0.86 1.45 -0.94 0.86 -1.45 0.94 -0.0 -0.73 0.0 2.3 -1.57 -0.0 0.0 0.73 -0.0 -2.3 1.57 0.0
0.0 0.0 -0.86 1.45 -0.94 0.86 -1.45 0.94 -0.0 -0.73 0.0 2.3 -1.57 -0.0 0.0 0.73 -0.0 -2.3 1.57 0.0
0.0 0.0 -0.86 1.45 -0.94 0.86 -1.45 0.94 -0.0 -0.73 0.0 2.3 -1.57 -0.0 0.0 0.73 -0.0 -2.3 1.57 0.0
0.0 0.0 -0.86 1.45 -0.94 0.86 -1.45 0.94 -0.0 -0.73 0.0 2.3 -1.57 -0.0 0.0 0.73 -0.0 -2.3 1.57 0.0
0.0 0.0 -0.86 1.45 -0.94 0.86 -1.45 0.94 -0.0 -0.73 0.0 2.3 -1.57 -0.0 0.0 0.73 -0.0 -2.3 1.57 0.0
0.0 0.0 -0.86 1.45 -0.94 0.86 -1.45 0.94 -0.0 -0.73 0.0 2.3 -1.57 -0.0 0.0 0.73 -0.0 -2.3 1.57 0.0
0.0 0.0 -0.86 1.45 -0.94 0.86 -1.45 0.94 -0.0 -0.73 0.0 2.3 -1.57 -0.0 0.0 0.73 -0.0 -2.3 1.57 0.0
0.0 0.0 -0.86 1.45 -0.94 0.86 -1.45 0.94 -0.0 -0.73 0.0 2.3 -1.57 -0.0 0.0 0.73 -0.0 -2.3 1.57 0.0
0.0 0.0 -0.86 1.45 -0.94 0.86 -1.45 0.94 -0.0 -0.73 0.0 2.3 -1.57 -0.0 0.0 0.73 -0.0 -2.3 1.57 0.0
0.0 0.0 -0.86 1.45 -0.94 0.86 -1.45 0.94 -0.0 -0.73 0.0 2.3 -1.57 -0.0 0.0 0.73 -0.0 -2.3 1.57 0.0
0.0 0.0 -0.86 1.45 -0.94 0.86 -1.45 0.94 -0.0 -0.73 0.0 2.3 -1.57 -0.0 0.0 0.73 -0.0 -2.3 1.57 0.0
0.0 0.0 -0.86 1.45 -0.94 0.86 -1.45 0.94 -0.0 -0.73 0.0 2.3 -1.57 -0.0 0.0 0.73 -0.0 -2.3 1.57 0.0
0.0 0.0 -0.86 1.45 -0.94 0.86 -1.45 0.94 -0.0 -0.73 0.0 2.3 -1.57 -0.0 0.0 0.73 -0.0 -2.3 1.57 0.0
0.0 0.0 -0.86 1.45 -0.94 0.86 -1.45 0.94 -0.0 -0.73 0.0 2.3 -1.57 -0.0 0.0 0.73 -0.0 -2.3 1.57 0.0
0.0 0.0 -0.86 1.45 -0.94 0.86 -1.45 0.94 -0.0 -0.73 0.0 2.3 -1.57 -0.0 0.0 0.73 -0.0 -2.3 1.57 0.0
0.0 0.0 -0.86 1.45 -0.94 0.86 -1.45 0.94 -0.0 -0.73 0.0 2.3 -1.57 -0.0 0.0 0.73 -0.0 -2.3 1.57 0.0
0.0 0.0 -0.86 1.45 -0.94 0.86 -1.45 0.94 -0.0 -0.73 0.0 2.3 -1.57 -0.0 0.0 0.73 -0.0 -2.3 1.57 0.0
0.0 0.0 -0.86 1.45 -0.94 0.86 -1.45 0.94 -0.0 -0.73 0.0 2.3 -1.57 -0.0 0.0 0.73 -0.0 -2.3 1.57 0.0
0.0 0.0 -0.86 1.45 -0.94 0.86 -1.45 0.94 -0.0 -0.73 0.0 2.3 -1.57 -0.0 0.0 0.73 -0.0 -2.3 1.57 0.0
0.0 0.0 -0.86 1.45 -0.94 0.86 -1.45 0.94 -0.0 -0.73 0.0 2.3 -1.57 -0.0 0.0 0.73 -0.0 -2.3 1.57 0.0
0.0 0.0 -0.86 1.45 -0.94 0.86 -1.45 0.94 -0.0 -0.73 0.0 2.3 -1.57 -0.0 0.0 0.73 -0.0 -2.3 1.57 0.0
0.0 0.0 -0.86 1.45 -0.94 0.86 -1.45 0.94 -0.0 -0.73 0.0 2.3 -1.57 -0.0 0.0 0.73 -0.0 -2.3 1.57 0.0
0.0 0.0 -0.86 1.45 -0.94 0.86 -1.45 0.94 -0.0 -0.73 0.0 2.3 -1.57 -0.0 0.0 0.73 -0.0 -2.3 1.57 0.0
0.0 0.0 -0.86 1.45 -0.94 0.86 -1.45 0.94 -0.0 -0.73 0.0 2.3 -1.57 -0.0 0.0 0.73 -0.0 -2.3 1.57 0.0
0.0 0.0 -0.86 1.45 -0.94 0.86 -1.45 0.94 -0.0 -0.73 0.0 2.3 -1.57 -0.0 0.0 0.73 -0.0 -2.3 1.57 0.0
0.0 0.0 -0.86 1.45 -0.94 0.86 -1.45 0.94 -0.0 -0.73 0.0 2.3 -1.57 -0.0 0.0 0.73 -0.0 -2.3 1.57 0.0
0.0 0.0 -0.86 1.45 -0.94 0.86 -1.45 0.94 -0.0 -0.73 0.0 2.3 -1.57 -0.0 0.0 0.73 -0.0 -2.3 1.57 0.0
0.0 0.0 -0.86 1.45 -0.94 0.86 -1.45 0.94 -0.0 -0.73 0.0 2.3 -1.57 -0.0 0.0 0.73 -0.0 -2.3 1.57 0.0
0.0 0.0 -0.86 1.45 -0.94 0.86 -1.45 0.94 -0.0 -0.73 0.0 2.3 -1.57 -0.0 0.0 0.73 -0.0 -2.3 1.57 0.0
0.0 0.0 -0.86 1.45 -0.94 0.86 -1.45 0.94 -0.0 -0.73 0.0 2.3 -1.57 -0.0 0.0 0.73 -0.0 -2.3 1.57 0.0
0.0 0.0 -0.86 1.45 -0.94 0.86 -1.45 0.94 -0.0 -0.73 0.0 2.3 -1.57 -0.0 0.0 0.73 -0.0 -2.3 1.57 0.0
0.0 0.0 -0.86 1.45 -0.95 0.86 -1.45 0.95 -0.0 -0.73 0.0 2.3 -1.57 -0.0 0.0 0.73 -0.0 -2.3 1.57 0.0
0.0 0.0 -0.86 1.45 -0.95 0.86 -1.45 0.95 -0.0 -0.73 0.0 2.3 -1.57 -0.0 0.0 0.73 -0.0 -2.3 1.57 0.0
0.0 0.0 -0.86 1.45 -0.95 0.86 -1.45 0.95 -0.0 -0.73 0.0 2.3 -1.57 -0.0 0.0 0.73 -0.0 -2.3 1.57 0.0
0.0 0.0 -0.85 1.45 -0.95 0.85 -1.45 0.95 -0.0 -0.73 0.0 2.29 -1.57 -0.0 0.0 0.73 -0.0 -2.29 1.57 0.0
0.0 0.0 -0.85 1.45 -0.95 0.85 -1.45 0.95 -0.0 -0.73 0.0 2.29 -1.57 -0.0 0.0 0.73 -0.0 -2.29 1.57 0.0
0.0 0.0 -0.85 1.45 -0.95 0.85 -1.45 0.95 -0.0 -0.73 0.0 2.29 -1.57 -0.0 0.0 0.73 -0.0 -2.29 1.57 0.0
0.0 0.0 -0.85 1.45 -0.95 0.85 -1.45 0.95 -0.0 -0.73 0.0 2.29 -1.57 -0.0 0.0 0.73 -0.0 -2.29 1.57 0.0
0.0 0.0 -0.85 1.45 -0.95 0.85 -1.45 0.95 -0.0 -0.73 0.0 2.29 -1.57 -0.0 0.0 0.73 -0.0 -2.29 1.57 0.0
0.0 0.0 -0.85 1.45 -0.95 0.85 -1.45 0.95 -0.0 -0.73 0.0 2.29 -1.56 -0.0 0.0 0.73 -0.0 -2.29 1.56 0.0
0.0 0.0 -0.85 1.45 -0.95 0.85 -1.45 0.95 -0.0 -0.73 0.0 2.29 -1.56 -0.0 0.0 0.73 -0.0 -2.29 1.56 0.0
0.0 0.0 -0.85 1.45 -0.95 0.85 -1.45 0.95 -0.0 -0.73 0.0 2.29 -1.56 -0.0 0.0 0.73 -0.0 -2.29 1.56 0.0
0.0 0.0 -0.85 1.45 -0.95 0.85 -1.45 0.95 -0.0 -0.73 0.0 2.29 -1.56 -0.0 0.0 0.73 -0.0 -2.29 1.56 0.0
0.0 0.0 -0.85 1.45 -0.95 0.85 -1.45 0.95 -0.0 -0.73 0.0 2.29 -1.56 -0.0 0.0 0.73 -0.0 -2.29 1.56 0.0
0.0 0.0 -0.85 1.45 -0.95 0.85 -1.45 0.95 -0.0 -0.73 0.0 2.29 -1.56 -0.0 0.0 0.73 -0.0 -2.29 1.56 0.0
0.0 0.0 -0.85 1.45 -0.95 0.85 -1.45 0.95 -0.0 -0.73 0.0 2.29 -1.56 -0.0 0.0 0.73 -0.0 -2.29 1.56 0.0
0.0 0.0 -0.85 1.45 -0.95 0.85 -1.45 0.95 -0.0 -0.73 0.0 2.29 -1.56 -0.0 0.0 0.73 -0.0 -2.29 1.56 0.0
0.0 0.0 -0.85 1.45 -0.96 0.85 -1.45 0.96 -0.0 -0.73 0.0 2.29 -1.56 -0.0 0.0 0.73 -0.0 -2.29 1.56 0.0
0.0 0.0 -0.85 1.45 -0.96 0.85 -1.45 0.96 -0.0 -0.73 0.0 2.29 -1.56 -0.0 0.0 0.73 -0.0 -2.29 1.56 0.0
0.0 0.0 -0.85 1.45 -0.96 0.85 -1.45 0.96 -0.0 -0.73 0.0 2.29 -1.56 -0.0 0.0 0.73 -0.0 -2.29 1.56 0.0
0.0 0.0 -0.85 1.45 -0.96 0.85 -1.45 0.96 -0.0 -0.73 0.0 2.29 -1.56 -0.0 0.0 0.73 -0.0 -2.29 1.56 0.0
0.0 0.0 -0.84 1.45 -0.96 0.84 -1.45 0.96 -0.0 -0.73 0.0 2.29 -1.56 -0.0 0.0 0.73 -0.0 -2.29 1.56 0.0
0.0 0.0 -0.84 1.45 -0.96 0.84 -1.45 0.96 -0.0 -0.73 0.0 2.28 -1.56 -0.0 0.0 0.73 -0.0 -2.28 1.56 0.0
0.0 0.0 -0.84 1.45 -0.96 0.84 -1.45 0.96 -0.0 -0.73 0.0 2.28 -1.56 -0.0 0.0 0.73 -0.0 -2.28 1.56 0.0
0.0 0.0 -0.84 1.45 -0.96 0.84 -1.45 0.96 -0.0 -0.73 0.0 2.28 -1.56 -0.0 0.0 0.73 -0.0 -2.28 1.56 0.0
0.0 0.0 -0.84 1.45 -0.96 0.84 -1.45 0.96 -0.0 -0.73 0.0 2.28 -1.56 -0.0 0.0 0.73 -0.0 -2.28 1.56 0.0
0.0 0.0 -0.84 1.45 -0.96 0.84 -1.45 0.96 -0.0 -0.73 0.0 2.28 -1.56 -0.0 0.0 0.73 -0.0 -2.28 1.56 0.0
0.0 0.0 -0.84 1.45 -0.97 0.84 -1.45 0.97 -0.0 -0.73 0.0 2.28 -1.56 -0.0 0.0 0.73 -0.0 -2.28 1.56 0.0
0.0 0.0 -0.84 1.45 -0.97 0.84 -1.45 0.97 -0.0 -0.73 0.0 2.28 -1.56 -0.0 0.0 0.73 -0.0 -2.28 1.56 0.0
0.0 0.0 -0.84 1.45 -0.97 0.84 -1.45 0.97 -0.0 -0.73 0.0 2.28 -1.55 -0.0 0.0 0.73 -0.0 -2.28 1.55 0.0
0.0 0.0 -0.84 1.45 -0.97 0.84 -1.45 0.97 -0.0 -0.73 0.0 2.28 -1.55 -0.0 0.0 0.73 -0.0 -2.28 1.55 0.0
0.0 0.0 -0.84 1.45 -0.97 0.84 -1.45 0.97 -0.0 -0.73 0.0 2.28 -1.55 -0.0 0.0 0.73 -0.0 -2.28 1.55 0.0
0.0 0.0 -0.83 1.45 -0.97 0.83 -1.45 0.97 -0.0 -0.73 0.0 2.28 -1.55 -0.0 0.0 0.73 -0.0 -2.28 1.55 0.0
0.0 0.0 -0.83 1.45 -0.97 0.83 -1.45 0.97 -0.0 -0.73 0.0 2.27 -1.55 -0.0 0.0 0.73 -0.0 -2.27 1.55 0.0
0.0 0.0 -0.83 1.45 -0.97 0.83 -1.45 0.97 -0.0 -0.73 0.0 2.27 -1.55 -0.0 0.0 0.73 -0.0 -2.27 1.55 0.0
0.0 0.0 -0.83 1.45 -0.98 0.83 -1.45 0.98 -0.0 -0.73 0.0 2.27 -1.55 -0.0 0.0 0.73 -0.0 -2.27 1.55 0.0
0.0 0.0 -0.83 1.44 -0.98 0.83 -1.44 0.98 -0.0 -0.73 0.0 2.27 -1.55 -0.0 0.0 0.73 -0.0 -2.27 1.55 0.0
0.0 0.0 -0.83 1.44 -0.98 0.83 -1.44 0.98 -0.0 -0.73 0.0 2.27 -1.55 -0.0 0.0 0.73 -0.0 -2.27 1.55 0.0
0.0 0.0 -0.83 1.44 -0.98 0.83 -1.44 0.98 -0.0 -0.73 0.0 2.27 -1.55 -0.0 0.0 0.73 -0.0 -2.27 1.55 0.0
0.0 0.0 -0.83 1.44 -0.98 0.83 -1.44 0.98 -0.0 -0.73 0.0 2.27 -1.55 -0.0 0.0 0.73 -0.0 -2.27 1.55 0.0
0.0 0.0 -0.82 1.44 -0.98 0.82 -1.44 0.98 -0.0 -0.73 0.0 2.27 -1.55 -0.0 0.0 0.73 -0.0 -2.27 1.55 0.0
0.0 0.0 -0.82 1.44 -0.98 0.82 -1.44 0.98 -0.0 -0.73 0.0 2.27 -1.55 -0.0 0.0 0.73 -0.0 -2.27 1.55 0.0
0.0 0.0 -0.82 1.44 -0.99 0.82 -1.44 0.99 -0.0 -0.73 0.0 2.26 -1.54 -0.0 0.0 0.73 -0.0 -2.26 1.54 0.0
0.0 0.0 -0.82 1.44 -0.99 0.82 -1.44 0.99 -0.0 -0.73 0.0 2.26 -1.54 -0.0 0.0 0.73 -0.0 -2.26 1.54 0.0
0.0 0.0 -0.82 1.44 -0.99 0.82 -1.44 0.99 -0.0 -0.73 0.0 2.26 -1.54 -0.0 0.0 0.73 -0.0 -2.26 1.54 0.0
0.0 0.0 -0.82 1.44 -0.99 0.82 -1.44 0.99 -0.0 -0.73 0.0 2.26 -1.54 -0.0 0.0 0.73 -0.0 -2.26 1.54 0.0
0.0 0.0 -0.82 1.44 -0.99 0.82 -1.44 0.99 -0.0 -0.73 0.0 2.26 -1.54 -0.0 0.0 0.73 -0.0 -2.26 1.54 0.0
0.0 0.0 -0.81 1.44 -1.0 0.81 -1.44 1.0 -0.0 -0.73 0.0 2.26 -1.54 -0.0 0.0 0.73 -0.0 -2.26 1.54 0.0
0.0 0.0 -0.81 1.44 -1.0 0.81 -1.44 1.0 -0.0 -0.72 0.0 2.26 -1.54 -0.0 0.0 0.72 -0.0 -2.26 1.54 0.0
0.0 0.0 -0.81 1.44 -1.0 0.81 -1.44 1.0 -0.0 -0.72 0.0 2.25 -1.54 -0.0 0.0 0.72 -0.0 -2.25 1.54 0.0
0.0 0.0 -0.81 1.44 -1.0 0.81 -1.44 1.0 -0.0 -0.72 0.0 2.25 -1.54 -0.0 0.0 0.72 -0.0 -2.25 1.54 0.0
0.0 0.0 -0.81 1.44 -1.0 0.81 -1.44 1.0 -0.0 -0.72 0.0 2.25 -1.54 -0.0 0.0 0.72 -0.0 -2.25 1.54 0.0
0.0 0.0 -0.81 1.44 -1.0 0.81 -1.44 1.0 -0.01 -0.72 0.0 2.25 -1.53 -0.0 0.01 0.72 -0.0 -2.25 1.53 0.0
0.0 0.0 -0.8 1.44 -1.01 0.8 -1.44 1.01 -0.01 -0.72 0.0 2.25 -1.53 -0.0 0.01 0.72 -0.0 -2.25 1.53 0.0
0.0 0.0 -0.8 1.44 -1.01 0.8 -1.44 1.01 -0.01 -0.72 0.0 2.25 -1.53 -0.0 0.01 0.72 -0.0 -2.25 1.53 0.0
0.0 0.0 -0.8 1.44 -1.01 0.8 -1.44 1.01 -0.01 -0.72 0.0 2.24 -1.53 -0.0 0.01 0.72 -0.0 -2.24 1.53 0.0
0.0 0.0 -0.8 1.44 -1.01 0.8 -1.44 1.01 -0.01 -0.72 0.0 2.24 -1.53 -0.0 0.01 0.72 -0.0 -2.24 1.53 0.0
0.0 0.0 -0.8 1.44 -1.02 0.8 -1.44 1.02 -0.01 -0.72 0.0 2.24 -1.53 -0.0 0.01 0.72 -0.0 -2.24 1.53 0.0
0.0 0.0 -0.8 1.44 -1.02 0.8 -1.44 1.02 -0.01 -0.72 0.0 2.24 -1.53 -0.01 0.01 0.72 -0.0 -2.24 1.53 0.01
0.0 0.0 -0.79 1.44 -1.02 0.79 -1.44 1.02 -0.01 -0.72 0.0 2.24 -1.53 -0.01 0.01 0.72 -0.0 -2.24 1.53 0.01
0.0 0.0 -0.79 1.44 -1.02 0.79 -1.44 1.02 -0.01 -0.72 0.0 2.24 -1.52 -0.01 0.01 0.72 -0.0 -2.24 1.52 0.01
0.0 0.0 -0.79 1.44 -1.02 0.79 -1.44 1.02 -0.01 -0.72 0.0 2.23 -1.52 -0.01 0.01 0.72 -0.0 -2.23 1.52 0.01
0.0 0.0 -0.79 1.44 -1.03 0.79 -1.44 1.03 -0.01 -0.72 0.0 2.23 -1.52 -0.01 0.01 0.72 -0.0 -2.23 1.52 0.01
0.0 0.0 -0.79 1.44 -1.03 0.79 -1.44 1.03 -0.01 -0.72 0.0 2.23 -1.52 -0.01 0.01 0.72 -0.0 -2.23 1.52 0.01
0.0 0.0 -0.78 1.44 -1.03 0.78 -1.44 1.03 -0.01 -0.72 0.0 2.23 -1.52 -0.01 0.01 0.72 -0.0 -2.23 1.52 0.01
0.0 0.0 -0.78 1.44 -1.03 0.78 -1.44 1.03 -0.01 -0.72 0.0 2.23 -1.52 -0.01 0.01 0.72 -0.0 -2.23 1.52 0.01
0.0 0.0 -0.78 1.44 -1.04 0.78 -1.44 1.04 -0.01 -0.72 0.0 2.22 -1.52 -0.01 0.01 0.72 -0.0 -2.22 1.52 0.01
0.0 0.0 -0.78 1.44 -1.04 0.78 -1.44 1.04 -0.01 -0.72 0.0 2.22 -1.51 -0.01 0.01 0.72 -0.0 -2.22 1.51 0.01
0.0 0.0 -0.78 1.44 -1.04 0.78 -1.44 1.04 -0.01 -0.72 0.0 2.22 -1.51 -0.01 0.01 0.72 -0.0 -2.22 1.51 0.01
0.0 0.0 -0.77 1.44 -1.05 0.77 -1.44 1.05 -0.01 -0.72 0.0 2.22 -1.51 -0.01 0.01 0.72 -0.0 -2.22 1.51 0.01
0.0 0.0 -0.77 1.44 -1.05 0.77 -1.44 1.05 -0.01 -0.72 0.0 2.22 -1.51 -0.01 0.01 0.72 -0.0 -2.22 1.51 0.01
0.0 0.0 -0.77 1.43 -1.05 0.77 -1.43 1.05 -0.01 -0.72 0.0 2.21 -1.51 -0.01 0.01 0.72 -0.0 -2.21 1.51 0.01
0.0 0.0 -0.77 1.43 -1.05 0.77 -1.43 1.05 -0.01 -0.72 0.0 2.21 -1.51 -0.01 0.01 0.72 -0.0 -2.21 1.51 0.01
0.0 0.0 -0.76 1.43 -1.06 0.76 -1.43 1.06 -0.01 -0.72 0.0 2.21 -1.51 -0.01 0.01 0.72 -0.0 -2.21 1.51 0.01
0.0 0.0 -0.76 1.43 -1.06 0.76 -1.43 1.06 -0.01 -0.72 0.0 2.21 -1.5 -0.01 0.01 0.72 -0.0 -2.21 1.5 0.01
0.0 0.0 -0.76 1.43 -1.06 0.76 -1.43 1.06 -0.01 -0.72 0.0 2.21 -1.5 -0.01 0.01 0.72 -0.0 -2.21 1.5 0.01
0.0 0.0 -0.76 1.43 -1.07 0.76 -1.43 1.07 -0.01 -0.72 0.0 2.2 -1.5 -0.01 0.01 0.72 -0.0 -2.2 1.5 0.01
0.0 0.0 -0.75 1.43 -1.07 0.75 -1.43 1.07 -0.01 -0.72 0.0 2.2 -1.5 -0.01 0.01 0.72 -0.0 -2.2 1.5 0.01
0.0 0.0 -0.75 1.43 -1.07 0.75 -1.43 1.07 -0.01 -0.72 0.0 2.2 -1.5 -0.01 0.01 0.72 -0.0 -2.2 1.5 0.01
0.0 0.0 -0.75 1.43 -1.07 0.75 -1.43 1.07 -0.01 -0.72 0.0 2.2 -1.5 -0.01 0.01 0.72 -0.0 -2.2 1.5 0.01
0.0 0.0 -0.75 1.43 -1.08 0.75 -1.43 1.08 -0.01 -0.72 0.0 2.19 -1.49 -0.01 0.01 0.72 -0.0 -2.19 1.49 0.01
0.0 0.0 -0.74 1.43 -1.08 0.74 -1.43 1.08 -0.01 -0.72 0.0 2.19 -1.49 -0.01 0.01 0.72 -0.0 -2.19 1.49 0.01
0.0 0.0 -0.74 1.43 -1.08 0.74 -1.43 1.08 -0.01 -0.72 0.0 2.19 -1.49 -0.01 0.01 0.72 -0.0 -2.19 1.49 0.01
0.0 0.0 -0.74 1.43 -1.09 0.74 -1.43 1.09 -0.01 -0.72 0.0 2.19 -1.49 -0.01 0.01 0.72 -0.0 -2.19 1.49 0.01
0.0 0.0 -0.74 1.43 -1.09 0.74 -1.43 1.09 -0.01 -0.72 0.0 2.18 -1.49 -0.01 0.01 0.72 -0.0 -2.18 1.49 0.01
0.0 0.0 -0.73 1.43 -1.09 0.73 -1.43 1.09 -0.01 -0.72 0.0 2.18 -1.49 -0.01 0.01 0.72 -0.0 -2.18 1.49 0.01
0.0 0.0 -0.73 1.43 -1.1 0.73 -1.43 1.1 -0.01 -0.72 0.0 2.18 -1.48 -0.01 0.01 0.72 -0.0 -2.18 1.48 0.01
0.0 0.0 -0.73 1.43 -1.1 0.73 -1.43 1.1 -0.01 -0.72 0.0 2.18 -1.48 -0.01 0.01 0.72 -0.0 -2.18 1.48 0.01
0.0 0.0 -0.73 1.43 -1.1 0.73 -1.43 1.1 -0.01 -0.72 0.0 2.17 -1.48 -0.01 0.01 0.72 -0.0 -2.17 1.48 0.01
0.0 0.0 -0.72 1.43 -1.11 0.72 -1.43 1.11 -0.01 -0.72 0.0 2.17 -1.48 -0.01 0.01 0.72 -0.0 -2.17 1.48 0.01
0.0 0.0 -0.72 1.43 -1.11 0.72 -1.43 1.11 -0.01 -0.71 0.0 2.17 -1.48 -0.01 0.01 0.71 -0.0 -2.17 1.48 0.01
0.0 0.0 -0.72 1.43 -1.11 0.72 -1.43 1.11 -0.01 -0.71 0.0 2.17 -1.47 -0.01 0.01 0.71 -0.0 -2.17 1.47 0.01
0.0 0.0 -0.71 1.43 -1.12 0.71 -1.43 1.12 -0.01 -0.71 0.0 2.16 -1.47 -0.01 0.01 0.71 -0.0 -2.16 1.47 0.01
0.0 0.0 -0.71 1.43 -1.12 0.71 -1.43 1.12 -0.01 -0.71 0.0 2.16 -1.47 -0.01 0.01 0.71 -0.0 -2.16 1.47 0.01
0.0 0.0 -0.71 1.42 -1.12 0.71 -1.42 1.12 -0.01 -0.71 0.0 2.16 -1.47 -0.01 0.01 0.71 -0.0 -2.16 1.47 0.01
0.0 0.0 -0.71 1.42 -1.13 0.71 -1.42 1.13 -0.01 -0.71 0.0 2.15 -1.47 -0.01 0.01 0.71 -0.0 -2.15 1.47 0.01
0.0 0.0 -0.7 1.42 -1.13 0.7 -1.42 1.13 -0.01 -0.71 0.0 2.15 -1.46 -0.01 0.01 0.71 -0.0 -2.15 1.46 0.01
0.0 0.0 -0.7 1.42 -1.14 0.7 -1.42 1.14 -0.02 -0.71 0.0 2.15 -1.46 -0.01 0.02 0.71 -0.0 -2.15 1.46 0.01
0.0 0.0 -0.7 1.42 -1.14 0.7 -1.42 1.14 -0.02 -0.71 0.0 2.15 -1.46 -0.01 0.02 0.71 -0.0 -2.15 1.46 0.01
0.0 0.0 -0.69 1.42 -1.14 0.69 -1.42 1.14 -0.02 -0.71 0.0 2.14 -1.46 -0.01 0.02 0.71 -0.0 -2.14 1.46 0.01
0.0 0.0 -0.69 1.42 -1.15 0.69 -1.42 1.15 -0.02 -0.71 0.0 2.14 -1.46 -0.01 0.02 0.71 -0.0 -2.14 1.46 0.01
0.0 0.0 -0.69 1.42 -1.15 0.69 -1.42 1.15 -0.02 -0.71 0.01 2.14 -1.45 -0.01 0.02 0.71 -0.01 -2.14 1.45 0.01
0.0 0.0 -0.68 1.42 -1.16 0.68 -1.42 1.16 -0.02 -0.71 0.01 2.13 -1.45 -0.01 0.02 0.71 -0.01 -2.13 1.45 0.01
0.0 0.0 -0.68 1.42 -1.16 0.68 -1.42 1.16 -0.02 -0.71 0.01 2.13 -1.45 -0.01 0.02 0.71 -0.01 -2.13 1.45 0.01
0.0 0.0 -0.68 1.42 -1.16 0.68 -1.42 1.16 -0.02 -0.71 0.01 2.13 -1.45 -0.01 0.02 0.71 -0.01 -2.13 1.45 0.01
0.0 0.0 -0.67 1.42 -1.17 0.67 -1.42 1.17 -0.02 -0.71 0.01 2.12 -1.44 -0.01 0.02 0.71 -0.01 -2.12 1.44 0.01
0.0 0.0 -0.67 1.42 -1.17 0.67 -1.42 1.17 -0.02 -0.71 0.01 2.12 -1.44 -0.02 0.02 0.71 -0.01 -2.12 1.44 0.02
0.0 0.0 -0.67 1.42 -1.18 0.67 -1.42 1.18 -0.02 -0.71 0.01 2.12 -1.44 -0.02 0.02 0.71 -0.01 -2.12 1.44 0.02
0.0 0.0 -0.66 1.42 -1.18 0.66 -1.42 1.18 -0.02 -0.71 0.01 2.11 -1.44 -0.02 0.02 0.71 -0.01 -2.11 1.44 0.02
0.0 0.0 -0.66 1.42 -1.18 0.66 -1.42 1.18 -0.02 -0.71 0.01 2.11 -1.44 -0.02 0.02 0.71 -0.01 -2.11 1.44 0.02
0.0 0.0 -0.66 1.42 -1.19 0.66 -1.42 1.19 -0.02 -0.71 0.01 2.11 -1.43 -0.02 0.02 0.71 -0.01 -2.11 1.43 0.02
0.0 0.0 -0.65 1.42 -1.19 0.65 -1.42 1.19 -0.02 -0.71 0.01 2.1 -1.43 -0.02 0.02 0.71 -0.01 -2.1 1.43 0.02
0.0 0.0 -0.65 1.41 -1.2 0.65 -1.41 1.2 -0.02 -0.71 0.01 2.1 -1.43 -0.02 0.02 0.71 -0.01 -2.1 1.43 0.02
0.0 0.0 -0.65 1.41 -1.2 0.65 -1.41 1.2 -0.02 -0.71 0.01 2.1 -1.43 -0.02 0.02 0.71 -0.01 -2.1 1.43 0.02
0.0 0.0 -0.64 1.41 -1.21 0.64 -1.41 1.21 -0.02 -0.71 0.01 2.09 -1.42 -0.02 0.02 0.71 -0.01 -2.09 1.42 0.02
0.0 0.0 -0.64 1.41 -1.21 0.64 -1.41 1.21 -0.02 -0.71 0.01 2.09 -1.42 -0.02 0.02 0.71 -0.01 -2.09 1.42 0.02
0.0 0.0 -0.63 1.41 -1.21 0.63 -1.41 1.21 -0.02 -0.71 0.01 2.09 -1.42 -0.02 0.02 0.71 -0.01 -2.09 1.42 0.02
0.0 0.0 -0.63 1.41 -1.22 0.63 -1.41 1.22 -0.02 -0.71 0.01 2.08 -1.42 -0.02 0.02 0.71 -0.01 -2.08 1.42 0.02
0.0 0.0 -0.63 1.41 -1.22 0.63 -1.41 1.22 -0.02 -0.7 0.01 2.08 -1.41 -0.02 0.02 0.7 -0.01 -2.08 1.41 0.02
0.0 0.0 -0.62 1.41 -1.23 0.62 -1.41 1.23 -0.02 -0.7 0.01 2.08 -1.41 -0.02 0.02 0.7 -0.01 -2.08 1.41 0.02
0.0 0.0 -0.62 1.41 -1.23 0.62 -1.41 1.23 -0.02 -0.7 0.01 2.07 -1.41 -0.02 0.02 0.7 -0.01 -2.07 1.41 0.02
0.0 0.0 -0.62 1.41 -1.24 0.62 -1.41 1.24 -0.02 -0.7 0.01 2.07 -1.41 -0.02 0.02 0.7 -0.01 -2.07 1.41 0.02
0.0 0.0 -0.61 1.41 -1.24 0.61 -1.41 1.24 -0.02 -0.7 0.01 2.07 -1.4 -0.02 0.02 0.7 -0.01 -2.07 1.4 0.02
0.0 0.0 -0.61 1.41 -1.25 0.61 -1.41 1.25 -0.02 -0.7 0.01 2.06 -1.4 -0.02 0.02 0.7 -0.01 -2.06 1.4 0.02
0.0 0.0 -0.6 1.41 -1.25 0.6 -1.41 1.25 -0.02 -0.7 0.01 2.06 -1.4 -0.02 0.02 0.7 -0.01 -2.06 1.4 0.02
0.0 0.0 -0.6 1.41 -1.26 0.6 -1.41 1.26 -0.02 -0.7 0.01 2.06 -1.4 -0.02 0.02 0.7 -0.01 -2.06 1.4 0.02
0.0 0.0 -0.6 1.41 -1.26 0.6 -1.41 1.26 -0.02 -0.7 0.01 2.05 -1.39 -0.02 0.02 0.7 -0.01 -2.05 1.39 0.02
0.0 0.0 -0.59 1.41 -1.26 0.59 -1.41 1.26 -0.03 -0.7 0.01 2.05 -1.39 -0.02 0.03 0.7 -0.01 -2.05 1.39 0.02
0.0 0.0 -0.59 1.4 -1.27 0.59 -1.4 1.27 -0.03 -0.7 0.01 2.04 -1.39 -0.02 0.03 0.7 -0.01 -2.04 1.39 0.02
0.0 0.0 -0.59 1.4 -1.27 0.59 -1.4 1.27 -0.03 -0.7 0.01 2.04 -1.38 -0.02 0.03 0.7 -0.01 -2.04 1.38 0.02
0.0 0.0 -0.58 1.4 -1.28 0.58 -1.4 1.28 -0.03 -0.7 0.01 2.04 -1.38 -0.02 0.03 0.7 -0.01 -2.04 1.38 0.02
0.0 0.0 -0.58 1.4 -1.28 0.58 -1.4 1.28 -0.03 -0.7 0.01 2.03 -1.38 -0.02 0.03 0.7 -0.01 -2.03 1.38 0.02
0.0 0.0 -0.57 1.4 -1.29 0.57 -1.4 1.29 -0.03 -0.7 0.01 2.03 -1.38 -0.02 0.03 0.7 -0.01 -2.03 1.38 0.02
0.0 0.0 -0.57 1.4 -1.29 0.57 -1.4 1.29 -0.03 -0.7 0.01 2.03 -1.37 -0.02 0.03 0.7 -0.01 -2.03 1.37 0.02
0.0 0.0 -0.56 1.4 -1.3 0.56 -1.4 1.3 -0.03 -0.7 0.01 2.02 -1.37 -0.02 0.03 0.7 -0.01 -2.02 1.37 0.02
0.0 0.0 -0.56 1.4 -1.3 0.56 -1.4 1.3 -0.03 -0.7 0.01 2.02 -1.37 -0.02 0.03 0.7 -0.01 -2.02 1.37 0.02
0.0 0.0 -0.56 1.4 -1.31 0.56 -1.4 1.31 -0.03 -0.7 0.01 2.01 -1.37 -0.02 0.03 0.7 -0.01 -2.01 1.37 0.02
0.0 0.0 -0.55 1.4 -1.31 0.55 -1.4 1.31 -0.03 -0.7 0.01 2.01 -1.36 -0.02 0.03 0.7 -0.01 -2.01 1.36 0.02
0.0 0.0 -0.55 1.4 -1.32 0.55 -1.4 1.32 -0.03 -0.7 0.01 2.01 -1.36 -0.02 0.03 0.7 -0.01 -2.01 1.36 0.02
0.0 0.0 -0.54 1.4 -1.32 0.54 -1.4 1.32 -0.03 -0.7 0.01 2.0 -1.36 -0.03 0.03 0.7 -0.01 -2.0 1.36 0.03
0.0 0.0 -0.54 1.4 -1.33 0.54 -1.4 1.33 -0.03 -0.7 0.01 2.0 -1.35 -0.03 0.03 0.7 -0.01 -2.0 1.35 0.03
0.0 0.0 -0.54 1.4 -1.34 0.54 -1.4 1.34 -0.03 -0.69 0.01 1.99 -1.35 -0.03 0.03 0.69 -0.01 -1.99 1.35 0.03
0.0 0.0 -0.53 1.4 -1.34 0.53 -1.4 1.34 -0.03 -0.69 0.01 1.99 -1.35 -0.03 0.03 0.69 -0.01 -1.99 1.35 0.03
0.0 0.0 -0.53 1.39 -1.35 0.53 -1.39 1.35 -0.03 -0.69 0.01 1.99 -1.35 -0.03 0.03 0.69 -0.01 -1.99 1.35 0.03
0.0 0.0 -0.52 1.39 -1.35 0.52 -1.39 1.35 -0.03 -0.69 0.01 1.98 -1.34 -0.03 0.03 0.69 -0.01 -1.98 1.34 0.03
0.0 0.0 -0.52 1.39 -1.36 0.52 -1.39 1.36 -0.03 -0.69 0.01 1.98 -1.34 -0.03 0.03 0.69 -0.01 -1.98 1.34 0.03
0.0 0.0 -0.51 1.39 -1.36 0.51 -1.39 1.36 -0.03 -0.69 0.01 1.97 -1.34 -0.03 0.03 0.69 -0.01 -1.97 1.34 0.03
0.0 0.0 -0.51 1.39 -1.37 0.51 -1.39 1.37 -0.03 -0.69 0.01 1.97 -1.33 -0.03 0.03 0.69 -0.01 -1.97 1.33 0.03
0.0 0.0 -0.5 1.39 -1.37 0.5 -1.39 1.37 -0.03 -0.69 0.01 1.97 -1.33 -0.03 0.03 0.69 -0.01 -1.97 1.33 0.03
0.0 0.0 -0.5 1.39 -1.38 0.5 -1.39 1.38 -0.03 -0.69 0.01 1.96 -1.33 -0.03 0.03 0.69 -0.01 -1.96 1.33 0.03
0.0 0.0 -0.5 1.39 -1.38 0.5 -1.39 1.38 -0.03 -0.69 0.01 1.96 -1.32 -0.03 0.03 0.69 -0.01 -1.96 1.32 0.03
0.0 0.0 -0.49 1.39 -1.39 0.49 -1.39 1.39 -0.03 -0.69 0.01 1.95 -1.32 -0.03 0.03 0.69 -0.01 -1.95 1.32 0.03
0.0 0.0 -0.49 1.39 -1.39 0.49 -1.39 1.39 -0.04 -0.69 0.01 1.95 -1.32 -0.03 0.04 0.69 -0.01 -1.95 1.32 0.03
0.0 0.0 -0.48 1.39 -1.4 0.48 -1.39 1.4 -0.04 -0.69 0.01 1.94 -1.32 -0.03 0.04 0.69 -0.01 -1.94 1.32 0.03
0.0 0.0 -0.48 1.39 -1.41 0.48 -1.39 1.41 -0.04 -0.69 0.01 1.94 -1.31 -0.03 0.04 0.69 -0.01 -1.94 1.31 0.03
0.0 0.0 -0.47 1.39 -1.41 0.47 -1.39 1.41 -0.04 -0.69 0.01 1.94 -1.31 -0.03 0.04 0.69 -0.01 -1.94 1.31 0.03
0.0 0.0 -0.47 1.38 -1.42 0.47 -1.38 1.42 -0.04 -0.69 0.01 1.93 -1.31 -0.03 0.04 0.69 -0.01 -1.93 1.31 0.03
0.0 0.0 -0.46 1.38 -1.42 0.46 -1.38 1.42 -0.04 -0.69 0.01 1.93 -1.3 -0.03 0.04 0.69 -0.01 -1.93 1.3 0.03
0.0 0.0 -0.46 1.38 -1.43 0.46 -1.38 1.43 -0.04 -0.69 0.01 1.92 -1.3 -0.03 0.04 0.69 -0.01 -1.92 1.3 0.03
0.0 0.0 -0.45 1.38 -1.43 0.45 -1.38 1.43 -0.04 -0.69 0.01 1.92 -1.3 -0.03 0.04 0.69 -0.01 -1.92 1.3 0.03
0.0 0.0 -0.45 1.38 -1.44 0.45 -1.38 1.44 -0.04 -0.69 0.01 1.91 -1.29 -0.03 0.04 0.69 -0.01 -1.91 1.29 0.03
0.0 0.0 -0.45 1.38 -1.44 0.45 -1.38 1.44 -0.04 -0.68 0.01 1.91 -1.29 -0.03 0.04 0.68 -0.01 -1.91 1.29 0.03
0.0 0.0 -0.44 1.38 -1.45 0.44 -1.38 1.45 -0.04 -0.68 0.01 1.91 -1.29 -0.03 0.04 0.68 -0.01 -1.91 1.29 0.03
0.0 0.0 -0.44 1.38 -1.46 0.44 -1.38 1.46 -0.04 -0.68 0.01 1.9 -1.28 -0.03 0.04 0.68 -0.01 -1.9 1.28 0.03
0.0 0.0 -0.43 1.38 -1.46 0.43 -1.38 1.46 -0.04 -0.68 0.01 1.9 -1.28 -0.03 0.04 0.68 -0.01 -1.9 1.28 0.03
0.0 0.0 -0.43 1.38 -1.47 0.43 -1.38 1.47 -0.04 -0.68 0.01 1.89 -1.28 -0.03 0.04 0.68 -0.01 -1.89 1.28 0.03
0.0 0.0 -0.42 1.38 -1.47 0.42 -1.38 1.47 -0.04 -0.68 0.01 1.89 -1.27 -0.03 0.04 0.68 -0.01 -1.89 1.27 0.03
0.0 0.0 -0.42 1.38 -1.48 0.42 -1.38 1.48 -0.04 -0.68 0.01 1.88 -1.27 -0.04 0.04 0.68 -0.01 -1.88 1.27 0.04
0.0 0.0 -0.41 1.38 -1.48 0.41 -1.38 1.48 -0.04 -0.68 0.01 1.88 -1.27 -0.04 0.04 0.68 -0.01 -1.88 1.27 0.04
0.0 0.0 -0.41 1.37 -1.49 0.41 -1.37 1.49 -0.04 -0.68 0.01 1.87 -1.27 -0.04 0.04 0.68 -0.01 -1.87 1.27 0.04
0.0 0.0 -0.4 1.37 -1.5 0.4 -1.37 1.5 -0.04 -0.68 0.01 1.87 -1.26 -0.04 0.04 0.68 -0.01 -1.87 1.26 0.04
0.0 0.0 -0.4 1.37 -1.5 0.4 -1.37 1.5 -0.04 -0.68 0.01 1.86 -1.26 -0.04 0.04 0.68 -0.01 -1.86 1.26 0.04
0.0 0.0 -0.39 1.37 -1.51 0.39 -1.37 1.51 -0.04 -0.68 0.01 1.86 -1.26 -0.04 0.04 0.68 -0.01 -1.86 1.26 0.04
0.0 0.0 -0.39 1.37 -1.51 0.39 -1.37 1.51 -0.04 -0.68 0.01 1.86 -1.25 -0.04 0.04 0.68 -0.01 -1.86 1.25 0.04
0.0 0.0 -0.38 1.37 -1.52 0.38 -1.37 1.52 -0.04 -0.68 0.01 1.85 -1.25 -0.04 0.04 0.68 -0.01 -1.85 1.25 0.04
0.0 0.0 -0.38 1.37 -1.53 0.38 -1.37 1.53 -0.05 -0.68 0.01 1.85 -1.25 -0.04 0.05 0.68 -0.01 -1.85 1.25 0.04
0.0 0.0 -0.37 1.37 -1.53 0.37 -1.37 1.53 -0.05 -0.68 0.01 1.84 -1.24 -0.04 0.05 0.68 -0.01 -1.84 1.24 0.04
0.0 0.0 -0.37 1.37 -1.54 0.37 -1.37 1.54 -0.05 -0.68 0.01 1.84 -1.24 -0.04 0.05 0.68 -0.01 -1.84 1.24 0.04
0.0 0.0 -0.36 1.37 -1.54 0.36 -1.37 1.54 -0.05 -0.68 0.01 1.83 -1.24 -0.04 0.05 0.68 -0.01 -1.83 1.24 0.04
0.0 0.0 -0.36 1.37 -1.55 0.36 -1.37 1.55 -0.05 -0.68 0.01 1.83 -1.23 -0.04 0.05 0.68 -0.01 -1.83 1.23 0.04
0.0 0.0 -0.35 1.37 -1.56 0.35 -1.37 1.56 -0.05 -0.67 0.01 1.82 -1.23 -0.04 0.05 0.67 -0.01 -1.82 1.23 0.04
0.0 0.0 -0.35 1.36 -1.56 0.35 -1.36 1.56 -0.05 -0.67 0.01 1.82 -1.23 -0.04 0.05 0.67 -0.01 -1.82 1.23 0.04
0.0 0.0 -0.34 1.36 -1.57 0.34 -1.36 1.57 -0.05 -0.67 0.01 1.81 -1.22 -0.04 0.05 0.67 -0.01 -1.81 1.22 0.04
0.0 0.0 -0.34 1.36 -1.57 0.34 -1.36 1.57 -0.05 -0.67 0.02 1.81 -1.22 -0.04 0.05 0.67 -0.02 -1.81 1.22 0.04
0.0 0.0 -0.33 1.36 -1.58 0.33 -1.36 1.58 -0.05 -0.67 0.02 1.8 -1.22 -0.04 0.05 0.67 -0.02 -1.8 1.22 0.04
0.0 0.0 -0.33 1.36 -1.59 0.33 -1.36 1.59 -0.05 -0.67 0.02 1.8 -1.21 -0.04 0.05 0.67 -0.02 -1.8 1.21 0.04
0.0 0.0 -0.32 1.36 -1.59 0.32 -1.36 1.59 -0.05 -0.67 0.02 1.79 -1.21 -0.04 0.05 0.67 -0.02 -1.79 1.21 0.04
0.0 0.0 -0.32 1.36 -1.6 0.32 -1.36 1.6 -0.05 -0.67 0.02 1.79 -1.21 -0.04 0.05 0.67 -0.02 -1.79 1.21 0.04
0.0 0.0 -0.31 1.36 -1.61 0.31 -1.36 1.61 -0.05 -0.67 0.02 1.79 -1.2 -0.04 0.05 0.67 -0.02 -1.79 1.2 0.04
0.0 0.0 -0.31 1.36 -1.61 0.31 -1.36 1.61 -0.05 -0.67 0.02 1.78 -1.2 -0.04 0.05 0.67 -0.02 -1.78 1.2 0.04
0.0 0.0 -0.3 1.36 -1.62 0.3 -1.36 1.62 -0.05 -0.67 0.02 1.78 -1.2 -0.04 0.05 0.67 -0.02 -1.78 1.2 0.04
0.0 0.0 -0.3 1.36 -1.62 0.3 -1.36 1.62 -0.05 -0.67 0.02 1.77 -1.19 -0.04 0.05 0.67 -0.02 -1.77 1.19 0.04
0.0 0.0 -0.29 1.36 -1.63 0.29 -1.36 1.63 -0.05 -0.67 0.02 1.77 -1.19 -0.05 0.05 0.67 -0.02 -1.77 1.19 0.05
0.0 0.0 -0.29 1.35 -1.64 0.29 -1.35 1.64 -0.05 -0.67 0.02 1.76 -1.18 -0.05 0.05 0.67 -0.02 -1.76 1.18 0.05
0.0 0.0 -0.28 1.35 -1.64 0.28 -1.35 1.64 -0.05 -0.67 0.02 1.76 -1.18 -0.05 0.05 0.67 -0.02 -1.76 1.18 0.05
0.0 0.0 -0.28 1.35 -1.65 0.28 -1.35 1.65 -0.05 -0.67 0.02 1.75 -1.18 -0.05 0.05 0.67 -0.02 -1.75 1.18 0.05
0.0 0.0 -0.27 1.35 -1.65 0.27 -1.35 1.65 -0.06 -0.67 0.02 1.75 -1.17 -0.05 0.06 0.67 -0.02 -1.75 1.17 0.05
0.0 0.0 -0.27 1.35 -1.66 0.27 -1.35 1.66 -0.06 -0.67 0.02 1.74 -1.17 -0.05 0.06 0.67 -0.02 -1.74 1.17 0.05
0.0 0.0 -0.26 1.35 -1.67 0.26 -1.35 1.67 -0.06 -0.67 0.02 1.74 -1.17 -0.05 0.06 0.67 -0.02 -1.74 1.17 0.05
0.0 0.0 -0.26 1.35 -1.67 0.26 -1.35 1.67 -0.06 -0.66 0.02 1.73 -1.16 -0.05 0.06 0.66 -0.02 -1.73 1.16 0.05
0.0 0.0 -0.25 1.35 -1.68 0.25 -1.35 1.68 -0.06 -0.66 0.02 1.73 -1.16 -0.05 0.06 0.66 -0.02 -1.73 1.16 0.05
0.0 0.0 -0.25 1.35 -1.69 0.25 -1.35 1.69 -0.06 -0.66 0.02 1.72 -1.16 -0.05 0.06 0.66 -0.02 -1.72 1.16 0.05
0.0 0.0 -0.24 1.35 -1.69 0.24 -1.35 1.69 -0.06 -0.66 0.02 1.72 -1.15 -0.05 0.06 0.66 -0.02 -1.72 1.15 0.05
0.0 0.0 -0.24 1.35 -1.7 0.24 -1.35 1.7 -0.06 -0.66 0.02 1.71 -1.15 -0.05 0.06 0.66 -0.02 -1.71 1.15 0.05
0.0 0.0 -0.23 1.35 -1.7 0.23 -1.35 1.7 -0.06 -0.66 0.02 1.71 -1.15 -0.05 0.06 0.66 -0.02 -1.71 1.15 0.05
0.0 0.0 -0.23 1.34 -1.71 0.23 -1.34 1.71 -0.06 -0.66 0.02 1.7 -1.14 -0.05 0.06 0.66 -0.02 -1.7 1.14 0.05
0.0 0.0 -0.22 1.34 -1.72 0.22 -1.34 1.72 -0.06 -0.66 0.02 1.7 -1.14 -0.05 0.06 0.66 -0.02 -1.7 1.14 0.05
0.0 0.0 -0.22 1.34 -1.72 0.22 -1.34 1.72 -0.06 -0.66 0.02 1.69 -1.14 -0.05 0.06 0.66 -0.02 -1.69 1.14 0.05
0.0 0.0 -0.21 1.34 -1.73 0.21 -1.34 1.73 -0.06 -0.66 0.02 1.69 -1.13 -0.05 0.06 0.66 -0.02 -1.69 1.13 0.05
0.0 0.0 -0.21 1.34 -1.74 0.21 -1.34 1.74 -0.06 -0.66 0.02 1.68 -1.13 -0.05 0.06 0.66 -0.02 -1.68 1.13 0.05
0.0 0.0 -0.2 1.34 -1.74 0.2 -1.34 1.74 -0.06 -0.66 0.02 1.68 -1.13 -0.05 0.06 0.66 -0.02 -1.68 1.13 0.05
0.0 0.0 -0.2 1.34 -1.75 0.2 -1.34 1.75 -0.06 -0.66 0.02 1.67 -1.12 -0.05 0.06 0.66 -0.02 -1.67 1.12 0.05
0.0 0.0 -0.19 1.34 -1.75 0.19 -1.34 1.75 -0.06 -0.66 0.02 1.67 -1.12 -0.05 0.06 0.66 -0.02 -1.67 1.12 0.05
0.0 0.0 -0.19 1.34 -1.76 0.19 -1.34 1.76 -0.06 -0.66 0.02 1.66 -1.12 -0.05 0.06 0.66 -0.02 -1.66 1.12 0.05
0.0 0.0 -0.18 1.34 -1.77 0.18 -1.34 1.77 -0.06 -0.66 0.02 1.66 -1.11 -0.05 0.06 0.66 -0.02 -1.66 1.11 0.05
0.0 0.0 -0.18 1.34 -1.77 0.18 -1.34 1.77 -0.06 -0.66 0.02 1.65 -1.11 -0.05 0.06 0.66 -0.02 -1.65 1.11 0.05
0.0 0.0 -0.17 1.33 -1.78 0.17 -1.33 1.78 -0.06 -0.66 0.02 1.65 -1.1 -0.06 0.06 0.66 -0.02 -1.65 1.1 0.06
0.0 0.0 -0.16 1.33 -1.79 0.16 -1.33 1.79 -0.07 -0.65 0.02 1.65 -1.1 -0.06 0.07 0.65 -0.02 -1.65 1.1 0.06
0.0 0.0 -0.16 1.33 -1.79 0.16 -1.33 1.79 -0.07 -0.65 0.02 1.64 -1.1 -0.06 0.07 0.65 -0.02 -1.64 1.1 0.06
0.0 0.0 -0.15 1.33 -1.8 0.15 -1.33 1.8 -0.07 -0.65 0.02 1.64 -1.09 -0.06 0.07 0.65 -0.02 -1.64 1.09 0.06
0.0 0.0 -0.15 1.33 -1.81 0.15 -1.33 1.81 -0.07 -0.65 0.02 1.63 -1.09 -0.06 0.07 0.65 -0.02 -1.63 1.09 0.06
0.0 0.0 -0.14 1.33 -1.81 0.14 -1.33 1.81 -0.07 -0.65 0.02 1.63 -1.09 -0.06 0.07 0.65 -0.02 -1.63 1.09 0.06
0.0 0.0 -0.14 1.33 -1.82 0.14 -1.33 1.82 -0.07 -0.65 0.02 1.62 -1.08 -0.06 0.07 0.65 -0.02 -1.62 1.08 0.06
0.0 0.0 -0.13 1.33 -1.82 0.13 -1.33 1.82 -0.07 -0.65 0.02 1.62 -1.08 -0.06 0.07 0.65 -0.02 -1.62 1.08 0.06
0.0 0.0 -0.13 1.33 -1.83 0.13 -1.33 1.83 -0.07 -0.65 0.02 1.61 -1.08 -0.06 0.07 0.65 -0.02 -1.61 1.08 0.06
0.0 0.0 -0.12 1.33 -1.84 0.12 -1.33 1.84 -0.07 -0.65 0.02 1.61 -1.07 -0.06 0.07 0.65 -0.02 -1.61 1.07 0.06
0.0 0.0 -0.12 1.33 -1.84 0.12 -1.33 1.84 -0.07 -0.65 0.02 1.6 -1.07 -0.06 0.07 0.65 -0.02 -1.6 1.07 0.06
0.0 0.0 -0.11 1.33 -1.85 0.11 -1.33 1.85 -0.07 -0.65 0.02 1.6 -1.07 -0.06 0.07 0.65 -0.02 -1.6 1.07 0.06
0.0 0.0 -0.11 1.32 -1.86 0.11 -1.32 1.86 -0.07 -0.65 0.02 1.59 -1.06 -0.06 0.07 0.65 -0.02 -1.59 1.06 0.06
0.0 0.0 -0.1 1.32 -1.86 0.1 -1.32 1.86 -0.07 -0.65 0.02 1.59 -1.06 -0.06 0.07 0.65 -0.02 -1.59 1.06 0.06
0.0 0.0 -0.1 1.32 -1.87 0.1 -1.32 1.87 -0.07 -0.65 0.02 1.58 -1.06 -0.06 0.07 0.65 -0.02 -1.58 1.06 0.06
0.0 0.0 -0.09 1.32 -1.87 0.09 -1.32 1.87 -0.07 -0.65 0.02 1.58 -1.05 -0.06 0.07 0.65 -0.02 -1.58 1.05 0.06
0.0 0.0 -0.09 1.32 -1.88 0.09 -1.32 1.88 -0.07 -0.65 0.02 1.57 -1.05 -0.06 0.07 0.65 -0.02 -1.57 1.05 0.06
0.0 0.0 -0.08 1.32 -1.89 0.08 -1.32 1.89 -0.07 -0.65 0.02 1.57 -1.05 -0.06 0.07 0.65 -0.02 -1.57 1.05 0.06
0.0 0.0 -0.08 1.32 -1.89 0.08 -1.32 1.89 -0.07 -0.64 0.02 1.56 -1.04 -0.06 0.07 0.64 -0.02 -1.56 1.04 0.06
0.0 0.0 -0.07 1.32 -1.9 0.07 -1.32 1.9 -0.07 -0.64 0.02 1.56 -1.04 -0.06 0.07 0.64 -0.02 -1.56 1.04 0.06
0.0 0.0 -0.07 1.32 -1.91 0.07 -1.32 1.91 -0.07 -0.64 0.02 1.55 -1.04 -0.06 0.07 0.64 -0.02 -1.55 1.04 0.06
0.0 0.0 -0.06 1.32 -1.91 0.06 -1.32 1.91 -0.08 -0.64 0.02 1.55 -1.03 -0.06 0.08 0.64 -0.02 -1.55 1.03 0.06
0.0 0.0 -0.06 1.32 -1.92 0.06 -1.32 1.92 -0.08 -0.64 0.02 1.54 -1.03 -0.06 0.08 0.64 -0.02 -1.54 1.03 0.06
0.0 0.0 -0.05 1.32 -1.92 0.05 -1.32 1.92 -0.08 -0.64 0.02 1.54 -1.03 -0.06 0.08 0.64 -0.02 -1.54 1.03 0.06
0.0 0.0 -0.05 1.31 -1.93 0.05 -1.31 1.93 -0.08 -0.64 0.02 1.53 -1.02 -0.06 0.08 0.64 -0.02 -1.53 1.02 0.06
0.0 0.0 -0.04 1.31 -1.94 0.04 -1.31 1.94 -0.08 -0.64 0.02 1.53 -1.02 -0.07 0.08 0.64 -0.02 -1.53 1.02 0.07
0.0 0.0 -0.04 1.31 -1.94 0.04 -1.31 1.94 -0.08 -0.64 0.02 1.52 -1.01 -0.07 0.08 0.64 -0.02 -1.52 1.01 0.07
0.0 0.0 -0.03 1.31 -1.95 0.03 -1.31 1.95 -0.08 -0.64 0.02 1.52 -1.01 -0.07 0.08 0.64 -0.02 -1.52 1.01 0.07
0.0 0.0 -0.03 1.31 -1.95 0.03 -1.31 1.95 -0.08 -0.64 0.02 1.51 -1.01 -0.07 0.08 0.64 -0.02 -1.51 1.01 0.07
0.0 0.0 -0.02 1.31 -1.96 0.02 -1.31 1.96 -0.08 -0.64 0.02 1.51 -1.0 -0.07 0.08 0.64 -0.02 -1.51 1.0 0.07
0.0 0.0 -0.02 1.31 -1.97 0.02 -1.31 1.97 -0.08 -0.64 0.02 1.51 -1.0 -0.07 0.08 0.64 -0.02 -1.51 1.0 0.07
0.0 0.0 -0.01 1.31 -1.97 0.01 -1.31 1.97 -0.08 -0.64 0.02 1.5 -1.0 -0.07 0.08 0.64 -0.02 -1.5 1.0 0.07
0.0 0.0 -0.01 1.31 -1.98 0.01 -1.31 1.98 -0.08 -0.64 0.02 1.5 -0.99 -0.07 0.08 0.64 -0.02 -1.5 0.99 0.07
0.0 0.0 -0.0 1.31 -1.99 0.0 -1.31 1.99 -0.08 -0.64 0.02 1.49 -0.99 -0.07 0.08 0.64 -0.02 -1.49 0.99 0.07
0.0 0.0 0.0 1.31 -1.99 -0.0 -1.31 1.99 -0.08 -0.64 0.03 1.49 -0.99 -0.07 0.08 0.64 -0.03 -1.49 0.99 0.07
0.0 0.0 0.01 1.31 -2.0 -0.01 -1.31 2.0 -0.08 -0.64 0.03 1.48 -0.98 -0.07 0.08 0.64 -0.03 -1.48 0.98 0.07
0.0 0.0 0.01 1.3 -2.0 -0.01 -1.3 2.0 -0.08 -0.64 0.03 1.48 -0.98 -0.07 0.08 0.64 -0.03 -1.48 0.98 0.07
0.0 0.0 0.02 1.3 -2.01 -0.02 -1.3 2.01 -0.08 -0.63 0.03 1.47 -0.98 -0.07 0.08 0.63 -0.03 -1.47 0.98 0.07
0.0 0.0 0.02 1.3 -2.02 -0.02 -1.3 2.02 -0.08 -0.63 0.03 1.47 -0.97 -0.07 0.08 0.63 -0.03 -1.47 0.97 0.07
0.0 0.0 0.03 1.3 -2.02 -0.03 -1.3 2.02 -0.08 -0.63 0.03 1.46 -0.97 -0.07 0.08 0.63 -0.03 -1.46 0.97 0.07
0.0 0.0 0.03 1.3 -2.03 -0.03 -1.3 2.03 -0.08 -0.63 0.03 1.46 -0.97 -0.07 0.08 0.63 -0.03 -1.46 0.97 0.07
0.0 0.0 0.04 1.3 -2.03 -0.04 -1.3 2.03 -0.08 -0.63 0.03 1.45 -0.96 -0.07 0.08 0.63 -0.03 -1.45 0.96 0.07
0.0 0.0 0.04 1.3 -2.04 -0.04 -1.3 2.04 -0.09 -0.63 0.03 1.45 -0.96 -0.07 0.09 0.63 -0.03 -1.45 0.96 0.07
0.0 0.0 0.05 1.3 -2.05 -0.05 -1.3 2.05 -0.09 -0.63 0.03 1.44 -0.96 -0.07 0.09 0.63 -0.03 -1.44 0.96 0.07
0.0 0.0 0.05 1.3 -2.05 -0.05 -1.3 2.05 -0.09 -0.63 0.03 1.44 -0.95 -0.07 0.09 0.63 -0.03 -1.44 0.95 0.07
0.0 0.0 0.06 1.3 -2.06 -0.06 -1.3 2.06 -0.09 -0.63 0.03 1.44 -0.95 -0.07 0.09 0.63 -0.03 -1.44 0.95 0.07
0.0 0.0 0.06 1.3 -2.06 -0.06 -1.3 2.06 -0.09 -0.63 0.03 1.43 -0.95 -0.07 0.09 0.63 -0.03 -1.43 0.95 0.07
0.0 0.0 0.07 1.3 -2.07 -0.07 -1.3 2.07 -0.09 -0.63 0.03 1.43 -0.94 -0.07 0.09 0.63 -0.03 -1.43 0.94 0.07
0.0 0.0 0.07 1.29 -2.08 -0.07 -1.29 2.08 -0.09 -0.63 0.03 1.42 -0.94 -0.07 0.09 0.63 -0.03 -1.42 0.94 0.07
0.0 0.0 0.08 1.29 -2.08 -0.08 -1.29 2.08 -0.09 -0.63 0.03 1.42 -0.94 -0.07 0.09 0.63 -0.03 -1.42 0.94 0.07
0.0 0.0 0.08 1.29 -2.09 -0.08 -1.29 2.09 -0.09 -0.63 0.03 1.41 -0.94 -0.08 0.09 0.63 -0.03 -1.41 0.94 0.08
0.0 0.0 0.09 1.29 -2.09 -0.09 -1.29 2.09 -0.09 -0.63 0.03 1.41 -0.93 -0.08 0.09 0.63 -0.03 -1.41 0.93 0.08
0.0 0.0 0.09 1.29 -2.1 -0.09 -1.29 2.1 -0.09 -0.63 0.03 1.4 -0.93 -0.08 0.09 0.63 -0.03 -1.4 0.93 0.08
0.0 0.0 0.1 1.29 -2.1 -0.1 -1.29 2.1 -0.09 -0.63 0.03 1.4 -0.93 -0.08 0.09 0.63 -0.03 -1.4 0.93 0.08
0.0 0.0 0.1 1.29 -2.11 -0.1 -1.29 2.11 -0.09 -0.63 0.03 1.39 -0.92 -0.08 0.09 0.63 -0.03 -1.39 0.92 0.08
0.0 0.0 0.11 1.29 -2.12 -0.11 -1.29 2.12 -0.09 -0.63 0.03 1.39 -0.92 -0.08 0.09 0.63 -0.03 -1.39 0.92 0.08
0.0 0.0 0.11 1.29 -2.12 -0.11 -1.29 2.12 -0.09 -0.62 0.03 1.39 -0.92 -0.08 0.09 0.62 -0.03 -1.39 0.92 0.08
0.0 0.0 0.11 1.29 -2.13 -0.11 -1.29 2.13 -0.09 -0.62 0.03 1.38 -0.91 -0.08 0.09 0.62 -0.03 -1.38 0.91 0.08
0.0 0.0 0.12 1.29 -2.13 -0.12 -1.29 2.13 -0.09 -0.62 0.03 1.38 -0.91 -0.08 0.09 0.62 -0.03 -1.38 0.91 0.08
0.0 0.0 0.12 1.29 -2.14 -0.12 -1.29 2.14 -0.09 -0.62 0.03 1.37 -0.91 -0.08 0.09 0.62 -0.03 -1.37 0.91 0.08
0.0 0.0 0.13 1.29 -2.14 -0.13 -1.29 2.14 -0.09 -0.62 0.03 1.37 -0.9 -0.08 0.09 0.62 -0.03 -1.37 0.9 0.08
0.0 0.0 0.13 1.28 -2.15 -0.13 -1.28 2.15 -0.09 -0.62 0.03 1.36 -0.9 -0.08 0.09 0.62 -0.03 -1.36 0.9 0.08
0.0 0.0 0.14 1.28 -2.15 -0.14 -1.28 2.15 -0.09 -0.62 0.03 1.36 -0.9 -0.08 0.09 0.62 -0.03 -1.36 0.9 0.08
0.0 0.0 0.14 1.28 -2.16 -0.14 -1.28 2.16 -0.09 -0.62 0.03 1.36 -0.89 -0.08 0.09 0.62 -0.03 -1.36 0.89 0.08
0.0 0.0 0.15 1.28 -2.17 -0.15 -1.28 2.17 -0.09 -0.62 0.03 1.35 -0.89 -0.08 0.09 0.62 -0.03 -1.35 0.89 0.08
0.0 0.0 0.15 1.28 -2.17 -0.15 -1.28 2.17 -0.1 -0.62 0.03 1.35 -0.89 -0.08 0.1 0.62 -0.03 -1.35 0.89 0.08
0.0 0.0 0.16 1.28 -2.18 -0.16 -1.28 2.18 -0.1 -0.62 0.03 1.34 -0.89 -0.08 0.1 0.62 -0.03 -1.34 0.89 0.08
0.0 0.0 0.16 1.28 -2.18 -0.16 -1.28 2.18 -0.1 -0.62 0.03 1.34 -0.88 -0.08 0.1 0.62 -0.03 -1.34 0.88 0.08
0.0 0.0 0.16 1.28 -2.19 -0.16 -1.28 2.19 -0.1 -0.62 0.03 1.33 -0.88 -0.08 0.1 0.62 -0.03 -1.33 0.88 0.08
0.0 0.0 0.17 1.28 -2.19 -0.17 -1.28 2.19 -0.1 -0.62 0.03 1.33 -0.88 -0.08 0.1 0.62 -0.03 -1.33 0.88 0.08
0.0 0.0 0.17 1.28 -2.2 -0.17 -1.28 2.2 -0.1 -0.62 0.03 1.33 -0.87 -0.08 0.1 0.62 -0.03 -1.33 0.87 0.08
0.0 0.0 0.18 1.28 -2.2 -0.18 -1.28 2.2 -0.1 -0.62 0.03 1.32 -0.87 -0.08 0.1 0.62 -0.03 -1.32 0.87 0.08
0.0 0.0 0.18 1.28 -2.21 -0.18 -1.28 2.21 -0.1 -0.62 0.03 1.32 -0.87 -0.08 0.1 0.62 -0.03 -1.32 0.87 0.08
0.0 0.0 0.19 1.28 -2.21 -0.19 -1.28 2.21 -0.1 -0.62 0.03 1.31 -0.86 -0.08 0.1 0.62 -0.03 -1.31 0.86 0.08
0.0 0.0 0.19 1.27 -2.22 -0.19 -1.27 2.22 -0.1 -0.62 0.03 1.31 -0.86 -0.08 0.1 0.62 -0.03 -1.31 0.86 0.08
0.0 0.0 0.2 1.27 -2.22 -0.2 -1.27 2.22 -0.1 -0.62 0.03 1.31 -0.86 -0.08 0.1 0.62 -0.03 -1.31 0.86 0.08
0.0 0.0 0.2 1.27 -2.23 -0.2 -1.27 2.23 -0.1 -0.61 0.03 1.3 -0.86 -0.08 0.1 0.61 -0.03 -1.3 0.86 0.08
0.0 0.0 0.2 1.27 -2.24 -0.2 -1.27 2.24 -0.1 -0.61 0.03 1.3 -0.85 -0.08 0.1 0.61 -0.03 -1.3 0.85 0.08
0.0 0.0 0.21 1.27 -2.24 -0.21 -1.27 2.24 -0.1 -0.61 0.03 1.29 -0.85 -0.09 0.1 0.61 -0.03 -1.29 0.85 0.09
0.0 0.0 0.21 1.27 -2.25 -0.21 -1.27 2.25 -0.1 -0.61 0.03 1.29 -0.85 -0.09 0.1 0.61 -0.03 -1.29 0.85 0.09
0.0 0.0 0.22 1.27 -2.25 -0.22 -1.27 2.25 -0.1 -0.61 0.03 1.29 -0.84 -0.09 0.1 0.61 -0.03 -1.29 0.84 0.09
0.0 0.0 0.22 1.27 -2.26 -0.22 -1.27 2.26 -0.1 -0.61 0.03 1.28 -0.84 -0.09 0.1 0.61 -0.03 -1.28 0.84 0.09
0.0 0.0 0.22 1.27 -2.26 -0.22 -1.27 2.26 -0.1 -0.61 0.03 1.28 -0.84 -0.09 0.1 0.61 -0.03 -1.28 0.84 0.09
0.0 0.0 0.23 1.27 -2.27 -0.23 -1.27 2.27 -0.1 -0.61 0.03 1.27 -0.84 -0.09 0.1 0.61 -0.03 -1.27 0.84 0.09
0.0 0.0 0.23 1.27 -2.27 -0.23 -1.27 2.27 -0.1 -0.61 0.03 1.27 -0.83 -0.09 0.1 0.61 -0.03 -1.27 0.83 0.09
0.0 0.0 0.24 1.27 -2.28 -0.24 -1.27 2.28 -0.1 -0.61 0.03 1.27 -0.83 -0.09 0.1 0.61 -0.03 -1.27 0.83 0.09
0.0 0.0 0.24 1.27 -2.28 -0.24 -1.27 2.28 -0.1 -0.61 0.03 1.26 -0.83 -0.09 0.1 0.61 -0.03 -1.26 0.83 0.09
0.0 0.0 0.25 1.27 -2.29 -0.25 -1.27 2.29 -0.1 -0.61 0.03 1.26 -0.83 -0.09 0.1 0.61 -0.03 -1.26 0.83 0.09
0.0 0.0 0.25 1.27 -2.29 -0.25 -1.27 2.29 -0.1 -0.61 0.03 1.26 -0.82 -0.09 0.1 0.61 -0.03 -1.26 0.82 0.09
0.0 0.0 0.25 1.26 -2.3 -0.25 -1.26 2.3 -0.1 -0.61 0.03 1.25 -0.82 -0.09 0.1 0.61 -0.03 -1.25 0.82 0.09
0.0 0.0 0.26 1.26 -2.3 -0.26 -1.26 2.3 -0.11 -0.61 0.03 1.25 -0.82 -0.09 0.11 0.61 -0.03 -1.25 0.82 0.09
0.0 0.0 0.26 1.26 -2.3 -0.26 -1.26 2.3 -0.11 -0.61 0.03 1.24 -0.81 -0.09 0.11 0.61 -0.03 -1.24 0.81 0.09
0.0 0.0 0.26 1.26 -2.31 -0.26 -1.26 2.31 -0.11 -0.61 0.03 1.24 -0.81 -0.09 0.11 0.61 -0.03 -1.24 0.81 0.09
0.0 0.0 0.27 1.26 -2.31 -0.27 -1.26 2.31 -0.11 -0.61 0.03 1.24 -0.81 -0.09 0.11 0.61 -0.03 -1.24 0.81 0.09
0.0 0.0 0.27 1.26 -2.32 -0.27 -1.26 2.32 -0.11 -0.61 0.03 1.23 -0.81 -0.09 0.11 0.61 -0.03 -1.23 0.81 0.09
0.0 0.0 0.28 1.26 -2.32 -0.28 -1.26 2.32 -0.11 -0.61 0.03 1.23 -0.8 -0.09 0.11 0.61 -0.03 -1.23 0.8 0.09
0.0 0.0 0.28 1.26 -2.33 -0.28 -1.26 2.33 -0.11 -0.61 0.03 1.23 -0.8 -0.09 0.11 0.61 -0.03 -1.23 0.8 0.09
0.0 0.0 0.28 1.26 -2.33 -0.28 -1.26 2.33 -0.11 -0.61 0.03 1.22 -0.8 -0.09 0.11 0.61 -0.03 -1.22 0.8 0.09
0.0 0.0 0.29 1.26 -2.34 -0.29 -1.26 2.34 -0.11 -0.61 0.03 1.22 -0.8 -0.09 0.11 0.61 -0.03 -1.22 0.8 0.09
0.0 0.0 0.29 1.26 -2.34 -0.29 -1.26 2.34 -0.11 -0.6 0.03 1.22 -0.79 -0.09 0.11 0.6 -0.03 -1.22 0.79 0.09
0.0 0.0 0.29 1.26 -2.35 -0.29 -1.26 2.35 -0.11 -0.6 0.03 1.21 -0.79 -0.09 0.11 0.6 -0.03 -1.21 0.79 0.09
0.0 0.0 0.3 1.26 -2.35 -0.3 -1.26 2.35 -0.11 -0.6 0.03 1.21 -0.79 -0.09 0.11 0.6 -0.03 -1.21 0.79 0.09
0.0 0.0 0.3 1.26 -2.35 -0.3 -1.26 2.35 -0.11 -0.6 0.03 1.21 -0.79 -0.09 0.11 0.6 -0.03 -1.21 0.79 0.09
0.0 0.0 0.31 1.26 -2.36 -0.31 -1.26 2.36 -0.11 -0.6 0.03 1.2 -0.78 -0.09 0.11 0.6 -0.03 -1.2 0.78 0.09
0.0 0.0 0.31 1.26 -2.36 -0.31 -1.26 2.36 -0.11 -0.6 0.03 1.2 -0.78 -0.09 0.11 0.6 -0.03 -1.2 0.78 0.09
0.0 0.0 0.31 1.25 -2.37 -0.31 -1.25 2.37 -0.11 -0.6 0.03 1.2 -0.78 -0.09 0.11 0.6 -0.03 -1.2 0.78 0.09
0.0 0.0 0.32 1.25 -2.37 -0.32 -1.25 2.37 -0.11 -0.6 0.03 1.19 -0.78 -0.09 0.11 0.6 -0.03 -1.19 0.78 0.09
0.0 0.0 0.32 1.25 -2.38 -0.32 -1.25 2.38 -0.11 -0.6 0.03 1.19 -0.77 -0.09 0.11 0.6 -0.03 -1.19 0.77 0.09
0.0 0.0 0.32 1.25 -2.38 -0.32 -1.25 2.38 -0.11 -0.6 0.03 1.19 -0.77 -0.09 0.11 0.6 -0.03 -1.19 0.77 0.09
0.0 0.0 0.33 1.25 -2.38 -0.33 -1.25 2.38 -0.11 -0.6 0.03 1.18 -0.77 -0.09 0.11 0.6 -0.03 -1.18 0.77 0.09
0.0 0.0 0.33 1.25 -2.39 -0.33 -1.25 2.39 -0.11 -0.6 0.03 1.18 -0.77 -0.09 0.11 0.6 -0.03 -1.18 0.77 0.09
0.0 0.0 0.33 1.25 -2.39 -0.33 -1.25 2.39 -0.11 -0.6 0.03 1.18 -0.77 -0.1 0.11 0.6 -0.03 -1.18 0.77 0.1
0.0 0.0 0.34 1.25 -2.4 -0.34 -1.25 2.4 -0.11 -0.6 0.03 1.17 -0.76 -0.1 0.11 0.6 -0.03 -1.17 0.76 0.1
0.0 0.0 0.34 1.25 -2.4 -0.34 -1.25 2.4 -0.11 -0.6 0.03 1.17 -0.76 -0.1 0.11 0.6 -0.03 -1.17 0.76 0.1
0.0 0.0 0.34 1.25 -2.4 -0.34 -1.25 2.4 -0.11 -0.6 0.03 1.17 -0.76 -0.1 0.11 0.6 -0.03 -1.17 0.76 0.1
0.0 0.0 0.35 1.25 -2.41 -0.35 -1.25 2.41 -0.11 -0.6 0.03 1.16 -0.76 -0.1 0.11 0.6 -0.03 -1.16 0.76 0.1
0.0 0.0 0.35 1.25 -2.41 -0.35 -1.25 2.41 -0.11 -0.6 0.04 1.16 -0.75 -0.1 0.11 0.6 -0.04 -1.16 0.75 0.1
0.0 0.0 0.35 1.25 -2.42 -0.35 -1.25 2.42 -0.11 -0.6 0.04 1.16 -0.75 -0.1 0.11 0.6 -0.04 -1.16 0.75 0.1
0.0 0.0 0.36 1.25 -2.42 -0.36 -1.25 2.42 -0.11 -0.6 0.04 1.15 -0.75 -0.1 0.11 0.6 -0.04 -1.15 0.75 0.1
0.0 0.0 0.36 1.25 -2.42 -0.36 -1.25 2.42 -0.11 -0.6 0.04 1.15 -0.75 -0.1 0.11 0.6 -0.04 -1.15 0.75 0.1
0.0 0.0 0.36 1.25 -2.43 -0.36 -1.25 2.43 -0.12 -0.6 0.04 1.15 -0.75 -0.1 0.12 0.6 -0.04 -1.15 0.75 0.1
0.0 0.0 0.37 1.25 -2.43 -0.37 -1.25 2.43 -0.12 -0.6 0.04 1.15 -0.74 -0.1 0.12 0.6 -0.04 -1.15 0.74 0.1
0.0 0.0 0.37 1.25 -2.44 -0.37 -1.25 2.44 -0.12 -0.6 0.04 1.14 -0.74 -0.1 0.12 0.6 -0.04 -1.14 0.74 0.1
0.0 0.0 0.37 1.24 -2.44 -0.37 -1.24 2.44 -0.12 -0.6 0.04 1.14 -0.74 -0.1 0.12 0.6 -0.04 -1.14 0.74 0.1
0.0 0.0 0.37 1.24 -2.44 -0.37 -1.24 2.44 -0.12 -0.6 0.04 1.14 -0.74 -0.1 0.12 0.6 -0.04 -1.14 0.74 0.1
0.0 0.0 0.38 1.24 -2.45 -0.38 -1.24 2.45 -0.12 -0.6 0.04 1.13 -0.74 -0.1 0.12 0.6 -0.04 -1.13 0.74 0.1
0.0 0.0 0.38 1.24 -2.45 -0.38 -1.24 2.45 -0.12 -0.6 0.04 1.13 -0.73 -0.1 0.12 0.6 -0.04 -1.13 0.73 0.1
0.0 0.0 0.38 1.24 -2.45 -0.38 -1.24 2.45 -0.12 -0.59 0.04 1.13 -0.73 -0.1 0.12 0.59 -0.04 -1.13 0.73 0.1
0.0 0.0 0.39 1.24 -2.46 -0.39 -1.24 2.46 -0.12 -0.59 0.04 1.13 -0.73 -0.1 0.12 0.59 -0.04 -1.13 0.73 0.1
0.0 0.0 0.39 1.24 -2.46 -0.39 -1.24 2.46 -0.12 -0.59 0.04 1.12 -0.73 -0.1 0.12 0.59 -0.04 -1.12 0.73 0.1
0.0 0.0 0.39 1.24 -2.46 -0.39 -1.24 2.46 -0.12 -0.59 0.04 1.12 -0.73 -0.1 0.12 0.59 -0.04 -1.12 0.73 0.1
0.0 0.0 0.39 1.24 -2.47 -0.39 -1.24 2.47 -0.12 -0.59 0.04 1.12 -0.72 -0.1 0.12 0.59 -0.04 -1.12 0.72 0.1
0.0 0.0 0.4 1.24 -2.47 -0.4 -1.24 2.47 -0.12 -0.59 0.04 1.12 -0.72 -0.1 0.12 0.59 -0.04 -1.12 0.72 0.1
0.0 0.0 0.4 1.24 -2.47 -0.4 -1.24 2.47 -0.12 -0.59 0.04 1.11 -0.72 -0.1 0.12 0.59 -0.04 -1.11 0.72 0.1
0.0 0.0 0.4 1.24 -2.48 -0.4 -1.24 2.48 -0.12 -0.59 0.04 1.11 -0.72 -0.1 0.12 0.59 -0.04 -1.11 0.72 0.1
0.0 0.0 0.4 1.24 -2.48 -0.4 -1.24 2.48 -0.12 -0.59 0.04 1.11 -0.72 -0.1 0.12 0.59 -0.04 -1.11 0.72 0.1
0.0 0.0 0.41 1.24 -2.48 -0.41 -1.24 2.48 -0.12 -0.59 0.04 1.11 -0.72 -0.1 0.12 0.59 -0.04 -1.11 0.72 0.1
0.0 0.0 0.41 1.24 -2.49 -0.41 -1.24 2.49 -0.12 -0.59 0.04 1.1 -0.71 -0.1 0.12 0.59 -0.04 -1.1 0.71 0.1
0.0 0.0 0.41 1.24 -2.49 -0.41 -1.24 2.49 -0.12 -0.59 0.04 1.1 -0.71 -0.1 0.12 0.59 -0.04 -1.1 0.71 0.1
0.0 0.0 0.41 1.24 -2.49 -0.41 -1.24 2.49 -0.12 -0.59 0.04 1.1 -0.71 -0.1 0.12 0.59 -0.04 -1.1 0.71 0.1
0.0 0.0 0.42 1.24 -2.49 -0.42 -1.24 2.49 -0.12 -0.59 0.04 1.1 -0.71 -0.1 0.12 0.59 -0.04 -1.1 0.71 0.1
0.0 0.0 0.42 1.24 -2.5 -0.42 -1.24 2.5 -0.12 -0.59 0.04 1.09 -0.71 -0.1 0.12 0.59 -0.04 -1.09 0.71 0.1
0.0 0.0 0.42 1.24 -2.5 -0.42 -1.24 2.5 -0.12 -0.59 0.04 1.09 -0.71 -0.1 0.12 0.59 -0.04 -1.09 0.71 0.1
0.0 0.0 0.42 1.24 -2.5 -0.42 -1.24 2.5 -0.12 -0.59 0.04 1.09 -0.7 -0.1 0.12 0.59 -0.04 -1.09 0.7 0.1
0.0 0.0 0.43 1.24 -2.51 -0.43 -1.24 2.51 -0.12 -0.59 0.04 1.09 -0.7 -0.1 0.12 0.59 -0.04 -1.09 0.7 0.1
0.0 0.0 0.43 1.24 -2.51 -0.43 -1.24 2.51 -0.12 -0.59 0.04 1.09 -0.7 -0.1 0.12 0.59 -0.04 -1.09 0.7 0.1
0.0 0.0 0.43 1.23 -2.51 -0.43 -1.23 2.51 -0.12 -0.59 0.04 1.08 -0.7 -0.1 0.12 0.59 -0.04 -1.08 0.7 0.1
0.0 0.0 0.43 1.23 -2.51 -0.43 -1.23 2.51 -0.12 -0.59 0.04 1.08 -0.7 -0.1 0.12 0.59 -0.04 -1.08 0.7 0.1
0.0 0.0 0.44 1.23 -2.52 -0.44 -1.23 2.52 -0.12 -0.59 0.04 1.08 -0.7 -0.1 0.12 0.59 -0.04 -1.08 0.7 0.1
0.0 0.0 0.44 1.23 -2.52 -0.44 -1.23 2.52 -0.12 -0.59 0.04 1.08 -0.7 -0.1 0.12 0.59 -0.04 -1.08 0.7 0.1
0.0 0.0 0.44 1.23 -2.52 -0.44 -1.23 2.52 -0.12 -0.59 0.04 1.08 -0.69 -0.1 0.12 0.59 -0.04 -1.08 0.69 0.1
0.0 0.0 0.44 1.23 -2.53 -0.44 -1.23 2.53 -0.12 -0.59 0.04 1.07 -0.69 -0.1 0.12 0.59 -0.04 -1.07 0.69 0.1
0.0 0.0 0.44 1.23 -2.53 -0.44 -1.23 2.53 -0.12 -0.59 0.04 1.07 -0.69 -0.1 0.12 0.59 -0.04 -1.07 0.69 0.1
0.0 0.0 0.45 1.23 -2.53 -0.45 -1.23 2.53 -0.12 -0.59 0.04 1.07 -0.69 -0.1 0.12 0.59 -0.04 -1.07 0.69 0.1
0.0 0.0 0.45 1.23 -2.53 -0.45 -1.23 2.53 -0.12 -0.59 0.04 1.07 -0.69 -0.1 0.12 0.59 -0.04 -1.07 0.69 0.1
0.0 0.0 0.45 1.23 -2.54 -0.45 -1.23 2.54 -0.12 -0.59 0.04 1.07 -0.69 -0.1 0.12 0.59 -0.04 -1.07 0.69 0.1
0.0 0.0 0.45 1.23 -2.54 -0.45 -1.23 2.54 -0.12 -0.59 0.04 1.06 -0.69 -0.1 0.12 0.59 -0.04 -1.06 0.69 0.1
0.0 0.0 0.45 1.23 -2.54 -0.45 -1.23 2.54 -0.12 -0.59 0.04 1.06 -0.68 -0.1 0.12 0.59 -0.04 -1.06 0.68 0.1
0.0 0.0 0.46 1.23 -2.54 -0.46 -1.23 2.54 -0.12 -0.59 0.04 1.06 -0.68 -0.1 0.12 0.59 -0.04 -1.06 0.68 0.1
0.0 0.0 0.46 1.23 -2.54 -0.46 -1.23 2.54 -0.12 -0.59 0.04 1.06 -0.68 -0.11 0.12 0.59 -0.04 -1.06 0.68 0.11
0.0 0.0 0.46 1.23 -2.55 -0.46 -1.23 2.55 -0.12 -0.59 0.04 1.06 -0.68 -0.11 0.12 0.59 -0.04 -1.06 0.68 0.11
0.0 0.0 0.46 1.23 -2.55 -0.46 -1.23 2.55 -0.12 -0.59 0.04 1.06 -0.68 -0.11 0.12 0.59 -0.04 -1.06 0.68 0.11
0.0 0.0 0.46 1.23 -2.55 -0.46 -1.23 2.55 -0.12 -0.59 0.04 1.05 -0.68 -0.11 0.12 0.59 -0.04 -1.05 0.68 0.11
0.0 0.0 0.46 1.23 -2.55 -0.46 -1.23 2.55 -0.12 -0.59 0.04 1.05 -0.68 -0.11 0.12 0.59 -0.04 -1.05 0.68 0.11
0.0 0.0 0.47 1.23 -2.56 -0.47 -1.23 2.56 -0.12 -0.59 0.04 1.05 -0.68 -0.11 0.12 0.59 -0.04 -1.05 0.68 0.11
0.0 0.0 0.47 1.23 -2.56 -0.47 -1.23 2.56 -0.13 -0.59 0.04 1.05 -0.67 -0.11 0.13 0.59 -0.04 -1.05 0.67 0.11
0.0 0.0 0.47 1.23 -2.56 -0.47 -1.23 2.56 -0.13 -0.59 0.04 1.05 -0.67 -0.11 0.13 0.59 -0.04 -1.05 0.67 0.11
0.0 0.0 0.47 1.23 -2.56 -0.47 -1.23 2.56 -0.13 -0.59 0.04 1.05 -0.67 -0.11 0.13 0.59 -0.04 -1.05 0.67 0.11
0.0 0.0 0.47 1.23 -2.56 -0.47 -1.23 2.56 -0.13 -0.59 0.04 1.04 -0.67 -0.11 0.13 0.59 -0.04 -1.04 0.67 0.11
0.0 0.0 0.47 1.23 -2.56 -0.47 -1.23 2.56 -0.13 -0.58 0.04 1.04 -0.67 -0.11 0.13 0.58 -0.04 -1.04 0.67 0.11
0.0 0.0 0.48 1.23 -2.57 -0.48 -1.23 2.57 -0.13 -0.58 0.04 1.04 -0.67 -0.11 0.13 0.58 -0.04 -1.04 0.67 0.11
0.0 0.0 0.48 1.23 -2.57 -0.48 -1.23 2.57 -0.13 -0.58 0.04 1.04 -0.67 -0.11 0.13 0.58 -0.04 -1.04 0.67 0.11
0.0 0.0 0.48 1.23 -2.57 -0.48 -1.23 2.57 -0.13 -0.58 0.04 1.04 -0.67 -0.11 0.13 0.58 -0.04 -1.04 0.67 0.11
0.0 0.0 0.48 1.23 -2.57 -0.48 -1.23 2.57 -0.13 -0.58 0.04 1.04 -0.67 -0.11 0.13 0.58 -0.04 -1.04 0.67 0.11
0.0 0.0 0.48 1.23 -2.57 -0.48 -1.23 2.57 -0.13 -0.58 0.04 1.04 -0.67 -0.11 0.13 0.58 -0.04 -1.04 0.67 0.11
0.0 0.0 0.48 1.23 -2.58 -0.48 -1.23 2.58 -0.13 -0.58 0.04 1.03 -0.66 -0.11 0.13 0.58 -0.04 -1.03 0.66 0.11
0.0 0.0 0.48 1.23 -2.58 -0.48 -1.23 2.58 -0.13 -0.58 0.04 1.03 -0.66 -0.11 0.13 0.58 -0.04 -1.03 0.66 0.11
0.0 0.0 0.49 1.23 -2.58 -0.49 -1.23 2.58 -0.13 -0.58 0.04 1.03 -0.66 -0.11 0.13 0.58 -0.04 -1.03 0.66 0.11
0.0 0.0 0.49 1.23 -2.58 -0.49 -1.23 2.58 -0.13 -0.58 0.04 1.03 -0.66 -0.11 0.13 0.58 -0.04 -1.03 0.66 0.11
0.0 0.0 0.49 1.23 -2.58 -0.49 -1.23 2.58 -0.13 -0.58 0.04 1.03 -0.66 -0.11 0.13 0.58 -0.04 -1.03 0.66 0.11
0.0 0.0 0.49 1.23 -2.58 -0.49 -1.23 2.58 -0.13 -0.58 0.04 1.03 -0.66 -0.11 0.13 0.58 -0.04 -1.03 0.66 0.11
0.0 0.0 0.49 1.22 -2.58 -0.49 -1.22 2.58 -0.13 -0.58 0.04 1.03 -0.66 -0.11 0.13 0.58 -0.04 -1.03 0.66 0.11
0.0 0.0 0.49 1.22 -2.59 -0.49 -1.22 2.59 -0.13 -0.58 0.04 1.03 -0.66 -0.11 0.13 0.58 -0.04 -1.03 0.66 0.11
0.0 0.0 0.49 1.22 -2.59 -0.49 -1.22 2.59 -0.13 -0.58 0.04 1.03 -0.66 -0.11 0.13 0.58 -0.04 -1.03 0.66 0.11
0.0 0.0 0.49 1.22 -2.59 -0.49 -1.22 2.59 -0.13 -0.58 0.04 1.02 -0.66 -0.11 0.13 0.58 -0.04 -1.02 0.66 0.11
0.0 0.0 0.5 1.22 -2.59 -0.5 -1.22 2.59 -0.13 -0.58 0.04 1.02 -0.66 -0.11 0.13 0.58 -0.04 -1.02 0.66 0.11
0.0 0.0 0.5 1.22 -2.59 -0.5 -1.22 2.59 -0.13 -0.58 0.04 1.02 -0.66 -0.11 0.13 0.58 -0.04 -1.02 0.66 0.11
0.0 0.0 0.5 1.22 -2.59 -0.5 -1.22 2.59 -0.13 -0.58 0.04 1.02 -0.66 -0.11 0.13 0.58 -0.04 -1.02 0.66 0.11
0.0 0.0 0.5 1.22 -2.59 -0.5 -1.22 2.59 -0.13 -0.58 0.04 1.02 -0.65 -0.11 0.13 0.58 -0.04 -1.02 0.65 0.11
0.0 0.0 0.5 1.22 -2.59 -0.5 -1.22 2.59 -0.13 -0.58 0.04 1.02 -0.65 -0.11 0.13 0.58 -0.04 -1.02 0.65 0.11
0.0 0.0 0.5 1.22 -2.6 -0.5 -1.22 2.6 -0.13 -0.58 0.04 1.02 -0.65 -0.11 0.13 0.58 -0.04 -1.02 0.65 0.11
0.0 0.0 0.5 1.22 -2.6 -0.5 -1.22 2.6 -0.13 -0.58 0.04 1.02 -0.65 -0.11 0.13 0.58 -0.04 -1.02 0.65 0.11
0.0 0.0 0.5 1.22 -2.6 -0.5 -1.22 2.6 -0.13 -0.58 0.04 1.02 -0.65 -0.11 0.13 0.58 -0.04 -1.02 0.65 0.11
0.0 0.0 0.5 1.22 -2.6 -0.5 -1.22 2.6 -0.13 -0.58 0.04 1.02 -0.65 -0.11 0.13 0.58 -0.04 -1.02 0.65 0.11
0.0 0.0 0.5 1.22 -2.6 -0.5 -1.22 2.6 -0.13 -0.58 0.04 1.02 -0.65 -0.11 0.13 0.58 -0.04 -1.02 0.65 0.11
0.0 0.0 0.5 1.22 -2.6 -0.5 -1.22 2.6 -0.13 -0.58 0.04 1.01 -0.65 -0.11 0.13 0.58 -0.04 -1.01 0.65 0.11
0.0 0.0 0.51 1.22 -2.6 -0.51 -1.22 2.6 -0.13 -0.58 0.04 1.01 -0.65 -0.11 0.13 0.58 -0.04 -1.01 0.65 0.11
0.0 0.0 0.51 1.22 -2.6 -0.51 -1.22 2.6 -0.13 -0.58 0.04 1.01 -0.65 -0.11 0.13 0.58 -0.04 -1.01 0.65 0.11
0.0 0.0 0.51 1.22 -2.6 -0.51 -1.22 2.6 -0.13 -0.58 0.04 1.01 -0.65 -0.11 0.13 0.58 -0.04 -1.01 0.65 0.11
0.0 0.0 0.51 1.22 -2.6 -0.51 -1.22 2.6 -0.13 -0.58 0.04 1.01 -0.65 -0.11 0.13 0.58 -0.04 -1.01 0.65 0.11
0.0 0.0 0.51 1.22 -2.61 -0.51 -1.22 2.61 -0.13 -0.58 0.04 1.01 -0.65 -0.11 0.13 0.58 -0.04 -1.01 0.65 0.11
0.0 0.0 0.51 1.22 -2.61 -0.51 -1.22 2.61 -0.13 -0.58 0.04 1.01 -0.65 -0.11 0.13 0.58 -0.04 -1.01 0.65 0.11
0.0 0.0 0.51 1.22 -2.61 -0.51 -1.22 2.61 -0.13 -0.58 0.04 1.01 -0.65 -0.11 0.13 0.58 -0.04 -1.01 0.65 0.11
0.0 0.0 0.51 1.22 -2.61 -0.51 -1.22 2.61 -0.13 -0.58 0.04 1.01 -0.65 -0.11 0.13 0.58 -0.04 -1.01 0.65 0.11
0.0 0.0 0.51 1.22 -2.61 -0.51 -1.22 2.61 -0.13 -0.58 0.04 1.01 -0.65 -0.11 0.13 0.58 -0.04 -1.01 0.65 0.11
0.0 0.0 0.51 1.22 -2.61 -0.51 -1.22 2.61 -0.13 -0.58 0.04 1.01 -0.65 -0.11 0.13 0.58 -0.04 -1.01 0.65 0.11
0.0 0.0 0.51 1.22 -2.61 -0.51 -1.22 2.61 -0.13 -0.58 0.04 1.01 -0.65 -0.11 0.13 0.58 -0.04 -1.01 0.65 0.11
0.0 0.0 0.51 1.22 -2.61 -0.51 -1.22 2.61 -0.13 -0.58 0.04 1.01 -0.65 -0.11 0.13 0.58 -0.04 -1.01 0.65 0.11
0.0 0.0 0.51 1.22 -2.61 -0.51 -1.22 2.61 -0.13 -0.58 0.04 1.01 -0.64 -0.11 0.13 0.58 -0.04 -1.01 0.64 0.11
0.0 0.0 0.51 1.22 -2.61 -0.51 -1.22 2.61 -0.13 -0.58 0.04 1.01 -0.64 -0.11 0.13 0.58 -0.04 -1.01 0.64 0.11
0.0 0.0 0.51 1.22 -2.61 -0.51 -1.22 2.61 -0.13 -0.58 0.04 1.01 -0.64 -0.11 0.13 0.58 -0.04 -1.01 0.64 0.11
0.0 0.0 0.51 1.22 -2.61 -0.51 -1.22 2.61 -0.13 -0.58 0.04 1.01 -0.64 -0.11 0.13 0.58 -0.04 -1.01 0.64 0.11
0.0 0.0 0.51 1.22 -2.61 -0.51 -1.22 2.61 -0.13 -0.58 0.04 1.01 -0.64 -0.11 0.13 0.58 -0.04 -1.01 0.64 0.11
0.0 0.0 0.52 1.22 -2.61 -0.52 -1.22 2.61 -0.13 -0.58 0.04 1.0 -0.64 -0.11 0.13 0.58 -0.04 -1.0 0.64 0.11
0.0 0.0 0.52 1.22 -2.61 -0.52 -1.22 2.61 -0.13 -0.58 0.04 1.0 -0.64 -0.11 0.13 0.58 -0.04 -1.0 0.64 0.11
0.0 0.0 0.52 1.22 -2.61 -0.52 -1.22 2.61 -0.13 -0.58 0.04 1.0 -0.64 -0.11 0.13 0.58 -0.04 -1.0 0.64 0.11
0.0 0.0 0.52 1.22 -2.62 -0.52 -1.22 2.62 -0.13 -0.58 0.04 1.0 -0.64 -0.11 0.13 0.58 -0.04 -1.0 0.64 0.11
0.0 0.0 0.52 1.22 -2.62 -0.52 -1.22 2.62 -0.13 -0.58 0.04 1.0 -0.64 -0.11 0.13 0.58 -0.04 -1.0 0.64 0.11
0.0 0.0 0.52 1.22 -2.62 -0.52 -1.22 2.62 -0.13 -0.58 0.04 1.0 -0.64 -0.11 0.13 0.58 -0.04 -1.0 0.64 0.11
0.0 0.0 0.52 1.22 -2.62 -0.52 -1.22 2.62 -0.13 -0.58 0.04 1.0 -0.64 -0.11 0.13 0.58 -0.04 -1.0 0.64 0.11
0.0 0.0 0.52 1.22 -2.62 -0.52 -1.22 2.62 -0.13 -0.58 0.04 1.0 -0.64 -0.11 0.13 0.58 -0.04 -1.0 0.64 0.11
0.0 0.0 0.52 1.22 -2.62 -0.52 -1.22 2.62 -0.13 -0.58 0.04 1.0 -0.64 -0.11 0.13 0.58 -0.04 -1.0 0.64 0.11
0.0 0.0 0.52 1.22 -2.62 -0.52 -1.22 2.62 -0.13 -0.58 0.04 1.0 -0.64 -0.11 0.13 0.58 -0.04 -1.0 0.64 0.11
0.0 0.0 0.52 1.22 -2.62 -0.52 -1.22 2.62 -0.13 -0.58 0.04 1.0 -0.64 -0.11 0.13 0.58 -0.04 -1.0 0.64 0.11
0.0 0.0 0.52 1.22 -2.62 -0.52 -1.22 2.62 -0.13 -0.58 0.04 1.0 -0.64 -0.11 0.13 0.58 -0.04 -1.0 0.64 0.11
0.0 0.0 0.52 1.22 -2.62 -0.52 -1.22 2.62 -0.13 -0.58 0.04 1.0 -0.64 -0.11 0.13 0.58 -0.04 -1.0 0.64 0.11
0.0 0.0 0.52 1.22 -2.62 -0.52 -1.22 2.62 -0.13 -0.58 0.04 1.0 -0.64 -0.11 0.13 0.58 -0.04 -1.0 0.64 0.11
0.0 0.0 0.52 1.22 -2.62 -0.52 -1.22 2.62 -0.13 -0.58 0.04 1.0 -0.64 -0.11 0.13 0.58 -0.04 -1.0 0.64 0.11
0.0 0.0 0.52 1.22 -2.62 -0.52 -1.22 2.62 -0.13 -0.58 0.04 1.0 -0.64 -0.11 0.13 0.58 -0.04 -1.0 0.64 0.11
0.0 0.0 0.52 1.22 -2.62 -0.52 -1.22 2.62 -0.13 -0.58 0.04 1.0 -0.64 -0.11 0.13 0.58 -0.04 -1.0 0.64 0.11
0.0 0.0 0.52 1.22 -2.62 -0.52 -1.22 2.62 -0.13 -0.58 0.04 1.0 -0.64 -0.11 0.13 0.58 -0.04 -1.0 0.64 0.11
0.0 0.0 0.52 1.22 -2.62 -0.52 -1.22 2.62 -0.13 -0.58 0.04 1.0 -0.64 -0.11 0.13 0.58 -0.04 -1.0 0.64 0.11
0.0 0.0 0.52 1.22 -2.62 -0.52 -1.22 2.62 -0.13 -0.58 0.04 1.0 -0.64 -0.11 0.13 0.58 -0.04 -1.0 0.64 0.11
0.0 0.0 0.52 1.22 -2.62 -0.52 -1.22 2.62 -0.13 -0.58 0.04 1.0 -0.64 -0.11 0.13 0.58 -0.04 -1.0 0.64 0.11
0.0 0.0 0.52 1.22 -2.62 -0.52 -1.22 2.62 -0.13 -0.58 0.04 1.0 -0.64 -0.11 0.13 0.58 -0.04 -1.0 0.64 0.11
0.0 0.0 0.52 1.22 -2.62 -0.52 -1.22 2.62 -0.13 -0.58 0.04 1.0 -0.64 -0.11 0.13 0.58 -0.04 -1.0 0.64 0.11
0.0 0.0 0.52 1.22 -2.62 -0.52 -1.22 2.62 -0.13 -0.58 0.04 1.0 -0.64 -0.11 0.13 0.58 -0.04 -1.0 0.64 0.11
0.0 0.0 0.52 1.22 -2.62 -0.52 -1.22 2.62 -0.13 -0.58 0.04 1.0 -0.64 -0.11 0.13 0.58 -0.04 -1.0 0.64 0.11
0.0 0.0 0.52 1.22 -2.62 -0.52 -1.22 2.62 -0.13 -0.58 0.04 1.0 -0.64 -0.11 0.13 0.58 -0.04 -1.0 0.64 0.11
0.0 0.0 0.52 1.22 -2.62 -0.52 -1.22 2.62 -0.13 -0.58 0.04 1.0 -0.64 -0.11 0.13 0.58 -0.04 -1.0 0.64 0.11
0.0 0.0 0.52 1.22 -2.62 -0.52 -1.22 2.62 -0.13 -0.58 0.04 1.0 -0.64 -0.11 0.13 0.58 -0.04 -1.0 0.64 0.11
0.0 0.0 0.52 1.22 -2.62 -0.52 -1.22 2.62 -0.13 -0.58 0.04 1.0 -0.64 -0.11 0.13 0.58 -0.04 -1.0 0.64 0.11
0.0 0.0 0.52 1.22 -2.62 -0.52 -1.22 2.62 -0.13 -0.58 0.04 1.0 -0.64 -0.11 0.13 0.58 -0.04 -1.0 0.64 0.11
0.0 0.0 0.52 1.22 -2.62 -0.52 -1.22 2.62 -0.13 -0.58 0.04 1.0 -0.64 -0.11 0.13 0.58 -0.04 -1.0 0.64 0.11
0.0 0.0 0.52 1.22 -2.62 -0.52 -1.22 2.62 -0.13 -0.58 0.04 1.0 -0.64 -0.11 0.13 0.58 -0.04 -1.0 0.64 0.11
0.0 0.0 0.52 1.22 -2.62 -0.52 -1.22 2.62 -0.13 -0.58 0.04 1.0 -0.64 -0.11 0.13 0.58 -0.04 -1.0 0.64 0.11
0.0 0.0 0.52 1.22 -2.62 -0.52 -1.22 2.62 -0.13 -0.58 0.04 1.0 -0.64 -0.11 0.13 0.58 -0.04 -1.0 0.64 0.11
0.0 0.0 0.52 1.22 -2.62 -0.52 -1.22 2.62 -0.13 -0.58 0.04 1.0 -0.64 -0.11 0.13 0.58 -0.04 -1.0 0.64 0.11
0.0 0.0 0.52 1.22 -2.62 -0.52 -1.22 2.62 -0.13 -0.58 0.04 1.0 -0.64 -0.11 0.13 0.58 -0.04 -1.0 0.64 0.11
0.0 0.0 0.52 1.22 -2.62 -0.52 -1.22 2.62 -0.13 -0.58 0.04 1.0 -0.64 -0.11 0.13 0.58 -0.04 -1.0 0.64 0.11
0.0 0.0 0.52 1.22 -2.62 -0.52 -1.22 2.62 -0.13 -0.58 0.04 1.0 -0.64 -0.11 0.13 0.58 -0.04 -1.0 0.64 0.11
