850 150
0.0 0.0 0.0 1.45 -2.6 0.0 -1.45 2.62 0.0 0.0 0.0 0.0 0.0 0.0 0.0 0.0 0.0 0.0 0.0 0.0
0.0 0.0 0.0 1.45 -2.6 0.0 -1.45 2.62 0.0 0.0 0.0 0.0 0.0 0.0 0.0 0.0 0.0 0.0 0.0 0.0
0.0 0.0 0.0 1.45 -2.6 0.0 -1.45 2.62 0.0 0.0 0.0 0.0 0.0 0.0 0.0 0.0 0.0 0.0 0.0 0.0
0.0 0.0 0.0 1.45 -2.6 0.0 -1.45 2.62 0.0 0.0 0.0 0.0 0.0 0.0 0.0 0.0 0.0 0.0 0.0 0.0
0.0 0.0 0.0 1.45 -2.6 0.0 -1.45 2.62 0.0 0.0 0.0 0.0 0.0 0.0 0.0 0.0 0.0 0.0 0.0 0.0
0.0 0.0 0.0 1.45 -2.6 0.0 -1.45 2.62 0.0 0.0 0.0 0.0 0.0 0.0 0.0 0.0 0.0 0.0 0.0 0.0
0.0 0.0 0.0 1.45 -2.6 0.0 -1.45 2.62 0.0 0.0 0.0 0.0 0.0 0.0 0.0 0.0 0.0 0.0 0.0 0.0
0.0 0.0 0.0 1.45 -2.6 0.0 -1.45 2.62 0.0 0.0 0.0 0.0 0.0 0.0 0.0 0.0 0.0 0.0 0.0 0.0
0.0 0.0 0.0 1.45 -2.6 0.0 -1.45 2.62 0.0 0.0 0.0 0.0 0.0 0.0 0.0 0.0 0.0 0.0 0.0 0.0
0.0 0.0 0.0 1.45 -2.6 0.0 -1.45 2.62 0.0 0.0 0.0 0.0 0.0 0.0 0.0 0.0 0.0 0.0 0.0 0.0
0.0 0.0 0.0 1.45 -2.6 0.0 -1.45 2.62 0.0 0.0 0.0 0.0 0.0 0.0 0.0 0.0 0.0 0.0 0.0 0.0
0.0 0.0 0.0 1.45 -2.6 0.0 -1.45 2.62 0.0 0.0 0.0 0.0 0.0 0.0 0.0 0.0 0.0 0.0 0.0 0.0
0.0 0.0 0.0 1.45 -2.6 0.0 -1.45 2.62 0.0 0.0 0.0 0.0 0.0 0.0 0.0 0.0 0.0 0.0 0.0 0.0
0.0 0.0 0.0 1.45 -2.6 0.0 -1.45 2.62 0.0 0.0 0.0 0.0 0.0 0.0 0.0 0.0 0.0 0.0 0.0 0.0
0.0 0.0 0.0 1.45 -2.6 0.0 -1.45 2.62 0.0 0.0 0.0 0.0 0.0 0.0 0.0 0.0 0.0 0.0 0.0 0.0
0.0 0.0 0.0 1.45 -2.6 0.0 -1.45 2.62 0.0 0.0 0.0 0.0 0.0 0.0 0.0 0.0 0.0 0.0 0.0 0.0
0.0 0.0 0.0 1.45 -2.6 0.0 -1.45 2.62 0.0 0.0 0.0 0.0 0.0 0.0 0.0 0.0 0.0 0.0 0.0 0.0
0.0 0.0 0.0 1.45 -2.6 0.0 -1.45 2.62 0.0 0.0 0.0 0.0 0.0 0.0 0.0 0.0 0.0 0.0 0.0 0.0
0.0 0.0 0.0 1.45 -2.6 0.0 -1.45 2.62 0.0 0.0 0.0 0.0 0.0 0.0 0.0 0.0 0.0 0.0 0.0 0.0
0.0 0.0 0.0 1.45 -2.6 0.0 -1.45 2.62 0.0 0.0 0.0 0.0 0.0 0.0 0.0 0.0 0.0 0.0 0.0 0.0
0.0 0.0 0.0 1.45 -2.6 0.0 -1.45 2.62 0.0 0.0 0.0 0.0 0.0 0.0 0.0 0.0 0.0 0.0 0.0 0.0
0.0 0.0 0.0 1.45 -2.6 0.0 -1.45 2.62 0.0 0.0 0.0 0.0 0.0 0.0 0.0 0.0 0.0 0.0 0.0 0.0
0.0 0.0 0.0 1.45 -2.6 0.0 -1.45 2.62 0.0 0.0 0.0 0.0 0.0 0.0 0.0 0.0 0.0 0.0 0.0 0.0
0.0 0.0 0.0 1.45 -2.6 0.0 -1.45 2.62 0.0 0.0 0.0 0.0 0.0 0.0 0.0 0.0 0.0 0.0 0.0 0.0
0.0 0.0 0.0 1.45 -2.6 0.0 -1.45 2.62 0.0 0.0 0.0 0.0 0.0 0.0 0.0 0.0 0.0 0.0 0.0 0.0
0.0 0.0 0.0 1.45 -2.6 0.0 -1.45 2.62 0.0 0.0 0.0 0.0 0.0 0.0 0.0 0.0 0.0 0.0 0.0 0.0
0.0 0.0 0.0 1.45 -2.6 0.0 -1.45 2.62 0.0 0.0 0.0 0.0 0.0 0.0 0.0 0.0 0.0 0.0 0.0 0.0
0.0 0.0 0.0 1.45 -2.6 0.0 -1.45 2.62 0.0 0.0 0.0 0.0 0.0 0.0 0.0 0.0 0.0 0.0 0.0 0.0
0.0 0.0 0.0 1.45 -2.6 0.0 -1.45 2.62 0.0 0.0 0.0 0.0 0.0 0.0 0.0 0.0 0.0 0.0 0.0 0.0
0.0 0.0 0.0 1.45 -2.6 0.0 -1.45 2.62 0.0 0.0 0.0 0.0 0.0 0.0 0.0 0.0 0.0 0.0 0.0 0.0
0.0 0.0 0.0 1.45 -2.6 0.0 -1.45 2.62 0.0 0.0 0.0 0.0 0.0 0.0 0.0 0.0 0.0 0.0 0.0 0.0
0.0 0.0 0.0 1.45 -2.6 0.0 -1.45 2.62 0.0 0.0 0.0 0.0 0.0 0.0 0.0 0.0 0.0 0.0 0.0 0.0
0.0 0.0 0.0 1.45 -2.6 0.0 -1.45 2.62 0.0 0.0 0.0 0.0 0.0 0.0 0.0 0.0 0.0 0.0 0.0 0.0
0.0 0.0 0.0 1.45 -2.6 0.0 -1.45 2.62 0.0 0.0 0.0 0.0 0.0 0.0 0.0 0.0 0.0 0.0 0.0 0.0
0.0 0.0 0.0 1.45 -2.6 0.0 -1.45 2.62 0.0 0.0 0.0 0.0 0.0 0.0 0.0 0.0 0.0 0.0 0.0 0.0
0.0 0.0 0.0 1.45 -2.6 0.0 -1.45 2.62 0.0 0.0 0.0 0.0 0.0 0.0 0.0 0.0 0.0 0.0 0.0 0.0
0.0 0.0 0.0 1.45 -2.6 0.0 -1.45 2.62 0.0 0.0 0.0 0.0 0.0 0.0 0.0 0.0 0.0 0.0 0.0 0.0
0.0 0.0 0.0 1.45 -2.6 0.0 -1.45 2.62 0.0 0.0 0.0 0.0 0.0 0.0 0.0 0.0 0.0 0.0 0.0 0.0
0.0 0.0 0.0 1.45 -2.6 0.0 -1.45 2.62 0.0 0.0 0.0 0.0 0.0 0.0 0.0 0.0 0.0 0.0 0.0 0.0
0.0 0.0 0.0 1.45 -2.6 0.0 -1.45 2.62 0.0 0.0 0.0 0.0 0.0 0.0 0.0 0.0 0.0 0.0 0.0 0.0
0.0 0.0 0.0 1.45 -2.6 0.0 -1.45 2.62 0.0 0.0 0.0 0.0 0.0 0.0 0.0 0.0 0.0 0.0 0.0 0.0
0.0 0.0 0.0 1.45 -2.6 0.0 -1.45 2.62 0.0 0.0 0.0 0.0 0.0 0.0 0.0 0.0 0.0 0.0 0.0 0.0
0.0 0.0 0.0 1.45 -2.6 0.0 -1.45 2.62 0.0 0.0 0.0 0.0 0.0 0.0 0.0 0.0 0.0 0.0 0.0 0.0
0.0 0.0 0.0 1.45 -2.6 0.0 -1.45 2.62 0.0 0.0 0.0 0.0 0.0 0.0 0.0 0.0 0.0 0.0 0.0 0.0
0.0 0.0 0.0 1.45 -2.6 0.0 -1.45 2.62 0.0 0.0 0.0 0.0 0.0 0.0 0.0 0.0 0.0 0.0 0.0 0.0
0.0 0.0 0.0 1.45 -2.6 0.0 -1.45 2.62 0.0 0.0 0.0 0.0 0.0 0.0 0.0 0.0 0.0 0.0 0.0 0.0
0.0 0.0 0.0 1.45 -2.6 0.0 -1.45 2.62 0.0 0.0 0.0 0.0 0.0 0.0 0.0 0.0 0.0 0.0 0.0 0.0
0.0 0.0 0.0 1.45 -2.6 0.0 -1.45 2.62 0.0 0.0 0.0 0.0 0.0 0.0 0.0 0.0 0.0 0.0 0.0 0.0
0.0 0.0 0.0 1.45 -2.6 0.0 -1.45 2.62 0.0 0.0 0.0 0.0 0.0 0.0 0.0 0.0 0.0 0.0 0.0 0.0
0.0 0.0 0.0 1.45 -2.6 0.0 -1.45 2.62 0.0 0.0 0.0 0.0 0.0 0.0 0.0 0.0 0.0 0.0 0.0 0.0
0.0 0.0 0.0 1.45 -2.6 0.0 -1.45 2.62 0.0 -0.0 0.0 0.0 0.0 0.0 0.0 0.0 0.0 -0.0 -0.0 0.0
0.0 0.0 0.0 1.45 -2.6 0.0 -1.45 2.62 0.0 -0.0 0.0 0.0 0.0 0.0 0.0 0.0 0.0 -0.0 -0.0 0.0
0.0 0.0 0.0 1.45 -2.6 0.0 -1.45 2.62 0.0 -0.0 0.0 0.0 0.0 0.0 0.0 0.0 0.0 -0.0 -0.0 0.0
0.0 0.0 0.0 1.45 -2.6 0.0 -1.45 2.62 0.0 -0.0 0.0 0.0 0.0 0.0 0.0 0.0 0.0 -0.0 -0.0 0.0
0.0 0.0 0.0 1.45 -2.6 0.0 -1.45 2.62 0.0 -0.0 0.0 0.01 0.0 0.0 0.0 0.0 0.0 -0.01 -0.0 0.0
0.0 0.0 0.0 1.45 -2.6 0.0 -1.45 2.62 0.0 -0.01 0.0 0.01 0.01 0.0 0.0 0.01 0.0 -0.01 -0.01 0.0
0.0 0.0 0.0 1.45 -2.6 0.0 -1.45 2.62 0.0 -0.01 0.0 0.02 0.01 0.0 0.0 0.01 0.0 -0.02 -0.01 0.0
0.0 0.0 0.0 1.45 -2.6 0.0 -1.45 2.62 0.0 -0.01 0.0 0.03 0.01 0.0 0.0 0.01 0.0 -0.03 -0.02 0.0
0.0 0.0 0.0 1.45 -2.6 0.0 -1.45 2.62 0.0 -0.02 0.0 0.05 0.02 0.0 0.0 0.02 0.0 -0.04 -0.02 0.0
0.0 0.0 0.0 1.45 -2.6 0.0 -1.45 2.62 0.0 -0.02 0.0 0.06 0.03 0.0 0.0 0.02 0.0 -0.05 -0.03 0.0
0.0 0.0 0.0 1.45 -2.6 0.0 -1.45 2.62 0.0 -0.03 0.0 0.08 0.03 0.0 0.0 0.03 0.0 -0.07 -0.04 0.0
0.0 0.0 0.0 1.45 -2.6 0.0 -1.45 2.62 0.0 -0.03 0.0 0.1 0.04 0.0 0.0 0.03 0.0 -0.08 -0.05 0.0
0.0 0.0 0.0 1.45 -2.6 0.0 -1.45 2.62 0.0 -0.04 0.0 0.12 0.05 0.0 0.0 0.04 0.0 -0.1 -0.06 0.0
0.0 0.0 0.0 1.45 -2.6 0.0 -1.45 2.62 0.0 -0.05 0.0 0.14 0.06 0.0 0.0 0.05 0.0 -0.13 -0.07 0.0
0.0 0.0 0.0 1.45 -2.6 0.0 -1.45 2.62 0.0 -0.06 0.0 0.17 0.08 0.0 0.0 0.06 0.0 -0.15 -0.08 0.0
0.0 0.0 0.0 1.45 -2.6 0.0 -1.45 2.62 0.0 -0.07 0.0 0.2 0.09 0.0 0.0 0.07 0.0 -0.17 -0.1 0.0
0.0 0.0 0.0 1.45 -2.6 0.0 -1.45 2.62 0.0 -0.08 0.0 0.23 0.1 0.0 0.0 0.08 0.0 -0.2 -0.11 0.0
0.0 0.0 0.0 1.45 -2.6 0.0 -1.45 2.62 0.0 -0.09 0.0 0.26 0.12 0.0 0.0 0.09 0.0 -0.23 -0.13 0.0
0.0 0.0 0.0 1.45 -2.6 0.0 -1.45 2.62 0.0 -0.1 0.0 0.29 0.13 0.0 0.0 0.1 0.0 -0.26 -0.15 0.0
0.0 0.0 0.0 1.45 -2.6 0.0 -1.45 2.62 0.0 -0.12 0.0 0.33 0.15 0.0 0.0 0.12 0.0 -0.29 -0.17 0.0
0.0 0.0 0.0 1.45 -2.6 0.0 -1.45 2.62 0.0 -0.13 0.0 0.36 0.17 0.0 0.0 0.13 0.0 -0.32 -0.18 0.0
0.0 0.0 0.0 1.45 -2.6 0.0 -1.45 2.62 0.0 -0.14 0.0 0.4 0.18 0.0 0.0 0.14 0.0 -0.35 -0.2 0.0
0.0 0.0 0.0 1.45 -2.6 0.0 -1.45 2.62 0.0 -0.16 0.0 0.44 0.2 0.0 0.0 0.16 0.0 -0.39 -0.22 0.0
0.0 0.0 0.0 1.45 -2.6 0.0 -1.45 2.62 0.0 -0.17 0.0 0.48 0.22 0.0 0.0 0.17 0.0 -0.42 -0.24 0.0
0.0 0.0 0.0 1.45 -2.6 0.0 -1.45 2.62 0.0 -0.19 0.0 0.52 0.23 0.0 0.0 0.19 0.0 -0.45 -0.26 0.0
0.0 0.0 0.0 1.45 -2.6 0.0 -1.45 2.62 0.0 -0.2 0.0 0.55 0.25 0.0 0.0 0.2 0.0 -0.49 -0.28 0.0
0.0 0.0 0.0 1.45 -2.6 0.0 -1.45 2.62 0.0 -0.21 0.0 0.59 0.27 0.0 0.0 0.21 0.0 -0.52 -0.3 0.0
0.0 0.0 0.0 1.45 -2.6 0.0 -1.45 2.62 0.0 -0.23 0.0 0.63 0.29 0.0 0.0 0.23 0.0 -0.56 -0.32 0.0
0.0 0.0 0.0 1.45 -2.6 0.0 -1.45 2.62 0.0 -0.24 0.0 0.67 0.3 0.0 0.0 0.24 0.0 -0.59 -0.34 0.0
0.0 0.0 0.0 1.45 -2.6 0.0 -1.45 2.62 0.0 -0.25 0.0 0.7 0.32 0.0 0.0 0.25 0.0 -0.62 -0.35 0.0
0.0 0.0 0.0 1.45 -2.6 0.0 -1.45 2.62 0.0 -0.27 0.0 0.74 0.34 0.0 0.0 0.27 0.0 -0.65 -0.37 0.0
0.0 0.0 0.0 1.45 -2.6 0.0 -1.45 2.62 0.0 -0.28 0.0 0.77 0.35 0.0 0.0 0.28 0.0 -0.68 -0.39 0.0
0.0 0.0 0.0 1.45 -2.6 0.0 -1.45 2.62 0.0 -0.29 0.0 0.8 0.37 0.0 0.0 0.29 0.0 -0.71 -0.41 0.0
0.0 0.0 0.0 1.45 -2.6 0.0 -1.45 2.62 0.0 -0.3 0.0 0.83 0.38 0.0 0.0 0.3 0.0 -0.74 -0.42 0.0
0.0 0.0 0.0 1.45 -2.6 0.0 -1.45 2.62 0.0 -0.31 0.0 0.86 0.39 0.0 0.0 0.31 0.0 -0.76 -0.44 0.0
0.0 0.0 0.0 1.45 -2.6 0.0 -1.45 2.62 0.0 -0.32 0.0 0.89 0.41 0.0 0.0 0.32 0.0 -0.78 -0.45 0.0
0.0 0.0 0.0 1.45 -2.6 0.0 -1.45 2.62 0.0 -0.33 0.0 0.91 0.42 0.0 0.0 0.33 0.0 -0.81 -0.46 0.0
0.0 0.0 0.0 1.45 -2.6 0.0 -1.45 2.62 0.0 -0.34 0.0 0.93 0.43 0.0 0.0 0.34 0.0 -0.83 -0.47 0.0
0.0 0.0 0.0 1.45 -2.6 0.0 -1.45 2.62 0.0 -0.34 0.0 0.95 0.44 0.0 0.0 0.34 0.0 -0.84 -0.48 0.0
0.0 0.0 0.0 1.45 -2.6 0.0 -1.45 2.62 0.0 -0.35 0.0 0.97 0.44 0.0 0.0 0.35 0.0 -0.86 -0.49 0.0
0.0 0.0 0.0 1.45 -2.6 0.0 -1.45 2.62 0.0 -0.35 0.0 0.98 0.45 0.0 0.0 0.35 0.0 -0.87 -0.5 0.0
0.0 0.0 0.0 1.45 -2.6 0.0 -1.45 2.62 0.0 -0.36 0.0 1.0 0.46 0.0 0.0 0.36 0.0 -0.88 -0.5 0.0
0.0 0.0 0.0 1.45 -2.6 0.0 -1.45 2.62 0.0 -0.36 0.0 1.01 0.46 0.0 0.0 0.36 0.0 -0.89 -0.51 0.0
0.0 0.0 0.0 1.45 -2.6 0.0 -1.45 2.62 0.0 -0.36 0.0 1.02 0.46 0.0 0.0 0.36 0.0 -0.9 -0.51 0.0
0.0 0.0 0.0 1.45 -2.6 0.0 -1.45 2.62 0.0 -0.37 0.0 1.02 0.47 0.0 0.0 0.37 0.0 -0.9 -0.52 0.0
0.0 0.0 0.0 1.45 -2.6 0.0 -1.45 2.62 0.0 -0.37 0.0 1.03 0.47 0.0 0.0 0.37 0.0 -0.91 -0.52 0.0
0.0 0.0 0.0 1.45 -2.6 0.0 -1.45 2.62 0.0 -0.37 0.0 1.03 0.47 0.0 0.0 0.37 0.0 -0.91 -0.52 0.0
0.0 0.0 0.0 1.45 -2.6 0.0 -1.45 2.62 0.0 -0.37 0.0 1.03 0.47 0.0 0.0 0.37 0.0 -0.91 -0.52 0.0
0.0 0.0 0.0 1.45 -2.6 0.0 -1.45 2.62 0.0 -0.37 0.0 1.03 0.47 0.0 0.0 0.37 0.0 -0.91 -0.52 0.0
0.0 0.0 0.0 1.45 -2.6 0.0 -1.45 2.62 0.0 -0.37 0.0 1.03 0.47 0.0 0.0 0.37 0.0 -0.91 -0.52 0.0
0.0 0.0 0.0 1.45 -2.6 -0.0 -1.45 2.62 0.0 -0.37 0.0 1.03 0.47 0.0 0.0 0.37 0.0 -0.91 -0.52 0.0
0.0 0.0 0.0 1.45 -2.6 -0.0 -1.45 2.62 0.0 -0.37 0.0 1.03 0.47 0.0 0.0 0.37 0.0 -0.91 -0.52 0.0
0.0 0.0 0.0 1.45 -2.6 -0.0 -1.45 2.62 0.0 -0.37 0.0 1.03 0.47 0.0 0.0 0.37 0.0 -0.91 -0.52 0.0
0.0 0.0 0.01 1.45 -2.6 -0.01 -1.45 2.62 0.0 -0.37 0.0 1.03 0.47 0.0 0.0 0.37 0.0 -0.91 -0.52 0.0
0.0 0.0 0.01 1.45 -2.6 -0.01 -1.45 2.62 0.0 -0.38 0.0 1.03 0.47 0.0 0.0 0.38 0.0 -0.91 -0.52 0.0
0.0 0.0 0.02 1.45 -2.6 -0.02 -1.45 2.62 0.0 -0.38 0.0 1.03 0.48 0.0 0.0 0.38 0.0 -0.91 -0.52 0.0
0.0 0.0 0.03 1.45 -2.6 -0.03 -1.45 2.62 0.0 -0.39 0.0 1.03 0.48 0.0 0.0 0.39 0.0 -0.91 -0.53 0.0
0.0 0.0 0.04 1.45 -2.6 -0.04 -1.45 2.62 0.0 -0.4 0.0 1.03 0.48 0.0 0.0 0.4 0.0 -0.91 -0.53 0.0
0.0 0.0 0.06 1.45 -2.6 -0.06 -1.45 2.62 0.0 -0.41 0.0 1.02 0.49 0.0 0.0 0.41 0.0 -0.91 -0.53 0.0
0.0 0.0 0.08 1.45 -2.6 -0.08 -1.45 2.62 0.0 -0.42 0.0 1.02 0.49 0.0 0.0 0.42 0.0 -0.91 -0.54 0.0
0.0 0.0 0.1 1.45 -2.6 -0.1 -1.45 2.62 0.0 -0.43 0.0 1.02 0.5 0.0 0.0 0.43 0.0 -0.91 -0.54 0.0
0.0 0.0 0.12 1.45 -2.6 -0.13 -1.45 2.62 0.0 -0.45 0.0 1.02 0.51 0.0 0.0 0.45 0.0 -0.91 -0.55 0.0
0.0 0.0 0.15 1.45 -2.6 -0.16 -1.45 2.62 0.0 -0.46 0.0 1.02 0.51 0.0 0.0 0.46 0.0 -0.91 -0.56 0.0
0.0 0.0 0.18 1.45 -2.6 -0.19 -1.45 2.62 0.0 -0.48 0.0 1.01 0.52 0.0 0.0 0.48 0.0 -0.91 -0.57 0.0
0.0 0.0 0.21 1.45 -2.6 -0.23 -1.45 2.62 0.0 -0.51 0.0 1.01 0.53 0.0 0.0 0.51 0.0 -0.91 -0.57 0.0
0.0 0.0 0.25 1.45 -2.6 -0.26 -1.45 2.62 0.0 -0.53 0.0 1.01 0.54 0.0 0.0 0.53 0.0 -0.91 -0.58 0.0
0.0 0.0 0.29 1.45 -2.6 -0.3 -1.45 2.62 0.0 -0.55 0.0 1.0 0.55 0.0 0.0 0.55 0.0 -0.91 -0.59 0.0
0.0 0.0 0.33 1.45 -2.6 -0.35 -1.45 2.62 0.0 -0.58 0.0 1.0 0.57 0.0 0.0 0.58 0.0 -0.91 -0.6 0.0
0.0 0.0 0.37 1.45 -2.6 -0.39 -1.45 2.62 0.0 -0.61 0.0 1.0 0.58 0.0 0.0 0.61 0.0 -0.91 -0.61 0.0
0.0 0.0 0.41 1.45 -2.6 -0.44 -1.45 2.62 0.0 -0.63 0.0 0.99 0.59 0.0 0.0 0.63 0.0 -0.91 -0.62 0.0
0.0 0.0 0.46 1.45 -2.6 -0.49 -1.45 2.62 0.0 -0.66 0.0 0.99 0.6 0.0 0.0 0.66 0.0 -0.91 -0.64 0.0
0.0 0.0 0.51 1.45 -2.6 -0.54 -1.45 2.62 0.0 -0.69 0.0 0.98 0.62 0.0 0.0 0.69 0.0 -0.91 -0.65 0.0
0.0 0.0 0.55 1.45 -2.6 -0.59 -1.45 2.62 0.0 -0.72 0.0 0.98 0.63 0.0 0.0 0.72 0.0 -0.91 -0.66 0.0
0.0 0.0 0.6 1.45 -2.6 -0.64 -1.45 2.62 0.0 -0.75 0.0 0.97 0.65 0.0 0.0 0.75 0.0 -0.91 -0.67 0.0
0.0 0.0 0.65 1.45 -2.6 -0.69 -1.45 2.62 0.0 -0.79 0.0 0.97 0.66 0.0 0.0 0.79 0.0 -0.91 -0.69 0.0
0.0 0.0 0.7 1.45 -2.6 -0.74 -1.45 2.62 0.0 -0.82 0.0 0.97 0.67 0.0 0.0 0.82 0.0 -0.91 -0.7 0.0
0.0 0.0 0.75 1.45 -2.6 -0.79 -1.45 2.62 0.0 -0.85 0.0 0.96 0.69 0.0 0.0 0.85 0.0 -0.91 -0.71 0.0
0.0 0.0 0.79 1.45 -2.6 -0.84 -1.45 2.62 0.0 -0.88 0.0 0.96 0.7 0.0 0.0 0.88 0.0 -0.91 -0.72 0.0
0.0 0.0 0.84 1.45 -2.6 -0.89 -1.45 2.62 0.0 -0.91 0.0 0.95 0.72 0.0 0.0 0.91 0.0 -0.91 -0.73 0.0
0.0 0.0 0.89 1.45 -2.6 -0.94 -1.45 2.62 0.0 -0.94 0.0 0.95 0.73 0.0 0.0 0.94 0.0 -0.91 -0.75 0.0
0.0 0.0 0.93 1.45 -2.6 -0.99 -1.45 2.62 0.0 -0.96 0.0 0.94 0.74 0.0 0.0 0.96 0.0 -0.91 -0.76 0.0
0.0 0.0 0.97 1.45 -2.6 -1.03 -1.45 2.62 0.0 -0.99 0.0 0.94 0.75 0.0 0.0 0.99 0.0 -0.91 -0.77 0.0
0.0 0.0 1.01 1.45 -2.6 -1.08 -1.45 2.62 0.0 -1.02 0.0 0.94 0.77 0.0 0.0 1.02 0.0 -0.91 -0.78 0.0
0.0 0.0 1.05 1.45 -2.6 -1.12 -1.45 2.62 0.0 -1.04 0.0 0.93 0.78 0.0 0.0 1.04 0.0 -0.91 -0.79 0.0
0.0 0.0 1.09 1.45 -2.6 -1.15 -1.45 2.62 0.0 -1.06 0.0 0.93 0.79 0.0 0.0 1.06 0.0 -0.91 -0.8 0.0
0.0 0.0 1.12 1.45 -2.6 -1.19 -1.45 2.62 0.0 -1.09 0.0 0.93 0.8 0.0 0.0 1.09 0.0 -0.91 -0.8 0.0
0.0 0.0 1.15 1.45 -2.6 -1.22 -1.45 2.62 0.0 -1.11 0.0 0.92 0.81 0.0 0.0 1.11 0.0 -0.91 -0.81 0.0
0.0 0.0 1.18 1.45 -2.6 -1.25 -1.45 2.62 0.0 -1.12 0.0 0.92 0.81 0.0 0.0 1.12 0.0 -0.91 -0.82 0.0
0.0 0.0 1.2 1.45 -2.6 -1.28 -1.45 2.62 0.0 -1.14 0.0 0.92 0.82 0.0 0.0 1.14 0.0 -0.91 -0.83 0.0
0.0 0.0 1.22 1.45 -2.6 -1.3 -1.45 2.62 0.0 -1.15 0.0 0.92 0.83 0.0 0.0 1.15 0.0 -0.91 -0.83 0.0
0.0 0.0 1.24 1.45 -2.6 -1.32 -1.45 2.62 0.0 -1.16 0.0 0.92 0.83 0.0 0.0 1.16 0.0 -0.91 -0.84 0.0
0.0 0.0 1.26 1.45 -2.6 -1.34 -1.45 2.62 0.0 -1.17 0.0 0.91 0.84 0.0 0.0 1.17 0.0 -0.91 -0.84 0.0
0.0 0.0 1.27 1.45 -2.6 -1.35 -1.45 2.62 0.0 -1.18 0.0 0.91 0.84 0.0 0.0 1.18 0.0 -0.91 -0.84 0.0
0.0 0.0 1.28 1.45 -2.6 -1.36 -1.45 2.62 0.0 -1.19 0.0 0.91 0.84 0.0 0.0 1.19 0.0 -0.91 -0.85 0.0
0.0 0.0 1.29 1.45 -2.6 -1.37 -1.45 2.62 0.0 -1.19 0.0 0.91 0.85 0.0 0.0 1.19 0.0 -0.91 -0.85 0.0
0.0 0.0 1.29 1.45 -2.6 -1.37 -1.45 2.62 0.0 -1.2 0.0 0.91 0.85 0.0 0.0 1.2 0.0 -0.91 -0.85 0.0
0.0 0.0 1.3 1.45 -2.6 -1.38 -1.45 2.62 0.0 -1.2 0.0 0.91 0.85 0.0 0.0 1.2 0.0 -0.91 -0.85 0.0
0.0 0.0 1.3 1.45 -2.6 -1.38 -1.45 2.62 0.0 -1.2 0.0 0.91 0.85 0.0 0.0 1.2 0.0 -0.91 -0.85 0.0
0.0 0.0 1.3 1.45 -2.6 -1.38 -1.45 2.62 0.0 -1.2 0.0 0.91 0.85 0.0 0.0 1.2 0.0 -0.91 -0.85 0.0
0.0 0.0 1.3 1.45 -2.6 -1.38 -1.45 2.62 0.0 -1.2 0.0 0.91 0.85 0.0 0.0 1.2 0.0 -0.91 -0.85 0.0
0.0 0.0 1.3 1.45 -2.6 -1.38 -1.45 2.62 0.0 -1.2 0.0 0.91 0.85 0.0 0.0 1.2 0.0 -0.91 -0.85 0.0
0.0 0.0 1.3 1.45 -2.6 -1.38 -1.45 2.62 0.0 -1.2 0.0 0.91 0.85 0.0 0.0 1.2 0.0 -0.91 -0.85 0.0
0.0 0.0 1.3 1.45 -2.6 -1.38 -1.45 2.62 0.0 -1.2 0.0 0.91 0.85 0.0 0.0 1.2 0.0 -0.91 -0.85 0.0
0.0 0.0 1.3 1.45 -2.59 -1.38 -1.45 2.61 0.0 -1.2 0.0 0.91 0.85 0.0 0.0 1.2 0.0 -0.91 -0.85 0.0
0.0 0.0 1.3 1.45 -2.59 -1.38 -1.45 2.61 0.0 -1.21 0.0 0.91 0.85 0.0 0.0 1.21 0.0 -0.91 -0.85 0.0
0.0 0.0 1.3 1.45 -2.58 -1.38 -1.45 2.6 0.0 -1.21 0.0 0.91 0.85 0.0 0.0 1.21 0.0 -0.91 -0.85 0.0
0.0 0.0 1.3 1.45 -2.57 -1.38 -1.45 2.59 0.0 -1.22 0.0 0.91 0.85 0.0 0.0 1.22 0.0 -0.91 -0.85 0.0
0.0 0.0 1.3 1.45 -2.56 -1.38 -1.45 2.58 0.0 -1.22 0.0 0.91 0.85 0.0 0.0 1.22 0.0 -0.91 -0.85 0.0
0.0 0.0 1.3 1.45 -2.54 -1.38 -1.45 2.56 0.0 -1.23 0.0 0.91 0.85 0.0 0.0 1.23 0.0 -0.91 -0.85 0.0
0.0 0.0 1.3 1.45 -2.53 -1.37 -1.45 2.54 0.0 -1.24 0.0 0.91 0.85 0.0 0.0 1.24 0.0 -0.91 -0.85 0.0
0.0 0.0 1.3 1.45 -2.5 -1.37 -1.45 2.52 0.0 -1.25 0.0 0.91 0.85 0.0 0.0 1.25 0.0 -0.91 -0.85 0.0
0.0 0.0 1.3 1.45 -2.48 -1.37 -1.45 2.5 0.0 -1.27 0.0 0.91 0.85 0.0 0.0 1.27 0.0 -0.91 -0.85 0.0
0.0 0.0 1.3 1.45 -2.45 -1.37 -1.45 2.47 0.0 -1.28 0.0 0.91 0.85 0.0 0.0 1.28 0.0 -0.91 -0.85 0.0
0.0 0.0 1.3 1.45 -2.42 -1.37 -1.45 2.44 0.0 -1.3 0.0 0.91 0.85 0.0 0.0 1.3 0.0 -0.91 -0.85 0.0
0.0 0.0 1.3 1.45 -2.39 -1.37 -1.45 2.41 0.0 -1.31 0.0 0.91 0.85 0.0 0.0 1.31 0.0 -0.91 -0.85 0.0
0.0 0.0 1.3 1.45 -2.36 -1.36 -1.45 2.37 0.0 -1.33 0.0 0.91 0.85 0.0 0.0 1.33 0.0 -0.91 -0.85 0.0
0.0 0.0 1.3 1.45 -2.32 -1.36 -1.45 2.33 0.0 -1.35 0.0 0.91 0.85 0.0 0.0 1.35 0.0 -0.91 -0.85 0.0
0.0 0.0 1.3 1.44 -2.28 -1.36 -1.44 2.29 0.0 -1.38 0.0 0.91 0.85 0.0 0.0 1.38 0.0 -0.91 -0.85 0.0
0.0 0.0 1.3 1.44 -2.24 -1.35 -1.44 2.25 0.0 -1.4 0.0 0.91 0.85 0.0 0.0 1.4 0.0 -0.91 -0.85 0.0
0.0 0.0 1.3 1.44 -2.19 -1.35 -1.44 2.21 0.0 -1.42 0.0 0.91 0.85 0.0 0.0 1.42 0.0 -0.91 -0.85 0.0
0.0 0.0 1.3 1.44 -2.15 -1.35 -1.44 2.16 0.0 -1.45 0.0 0.91 0.85 0.0 0.0 1.45 0.0 -0.91 -0.85 0.0
0.0 0.0 1.3 1.44 -2.1 -1.35 -1.44 2.11 0.0 -1.47 0.0 0.91 0.85 0.0 0.0 1.47 0.0 -0.91 -0.85 0.0
0.0 0.0 1.3 1.44 -2.06 -1.34 -1.44 2.07 0.0 -1.5 0.0 0.91 0.85 0.0 0.0 1.5 0.0 -0.91 -0.85 0.0
0.0 0.0 1.3 1.44 -2.01 -1.34 -1.44 2.02 0.0 -1.52 0.0 0.91 0.85 0.0 0.0 1.52 0.0 -0.91 -0.85 0.0
0.0 0.0 1.29 1.44 -1.96 -1.33 -1.44 1.97 0.0 -1.55 0.0 0.91 0.85 0.0 0.0 1.55 0.0 -0.91 -0.85 0.0
0.0 0.0 1.29 1.44 -1.91 -1.33 -1.44 1.92 0.0 -1.58 0.0 0.91 0.85 0.0 0.0 1.58 0.0 -0.91 -0.85 0.0
0.0 0.0 1.29 1.44 -1.86 -1.33 -1.44 1.87 0.0 -1.6 0.0 0.91 0.85 0.0 0.0 1.6 0.0 -0.91 -0.85 0.0
0.0 0.0 1.29 1.44 -1.82 -1.32 -1.44 1.83 0.0 -1.63 0.0 0.91 0.85 0.0 0.0 1.63 0.0 -0.91 -0.85 0.0
0.0 0.0 1.29 1.44 -1.77 -1.32 -1.44 1.78 0.0 -1.65 0.0 0.91 0.85 0.0 0.0 1.65 0.0 -0.91 -0.85 0.0
0.0 0.0 1.29 1.44 -1.73 -1.32 -1.44 1.73 0.0 -1.68 0.0 0.91 0.85 0.0 0.0 1.68 0.0 -0.91 -0.85 0.0
0.0 0.0 1.29 1.44 -1.68 -1.32 -1.44 1.69 0.0 -1.7 0.0 0.91 0.85 0.0 0.0 1.7 0.0 -0.91 -0.85 0.0
0.0 0.0 1.29 1.44 -1.64 -1.31 -1.44 1.65 0.0 -1.72 0.0 0.91 0.85 0.0 0.0 1.72 0.0 -0.91 -0.85 0.0
0.0 0.0 1.29 1.43 -1.6 -1.31 -1.43 1.61 0.0 -1.75 0.0 0.91 0.85 0.0 0.0 1.75 0.0 -0.91 -0.85 0.0
0.0 0.0 1.29 1.43 -1.56 -1.31 -1.43 1.57 0.0 -1.77 0.0 0.91 0.85 0.0 0.0 1.77 0.0 -0.91 -0.85 0.0
0.0 0.0 1.29 1.43 -1.53 -1.3 -1.43 1.53 0.0 -1.79 0.0 0.91 0.85 0.0 0.0 1.79 0.0 -0.91 -0.85 0.0
0.0 0.0 1.29 1.43 -1.5 -1.3 -1.43 1.5 0.0 -1.8 0.0 0.91 0.85 0.0 0.0 1.8 0.0 -0.91 -0.85 0.0
0.0 0.0 1.29 1.43 -1.47 -1.3 -1.43 1.47 0.0 -1.82 0.0 0.91 0.85 0.0 0.0 1.82 0.0 -0.91 -0.85 0.0
0.0 0.0 1.29 1.43 -1.44 -1.3 -1.43 1.44 0.0 -1.83 0.0 0.91 0.85 0.0 0.0 1.83 0.0 -0.91 -0.85 0.0
0.0 0.0 1.29 1.43 -1.42 -1.3 -1.43 1.42 0.0 -1.85 0.0 0.91 0.85 0.0 0.0 1.85 0.0 -0.91 -0.85 0.0
0.0 0.0 1.29 1.43 -1.39 -1.3 -1.43 1.4 0.0 -1.86 0.0 0.91 0.85 0.0 0.0 1.86 0.0 -0.91 -0.85 0.0
0.0 0.0 1.29 1.43 -1.38 -1.29 -1.43 1.38 0.0 -1.87 0.0 0.91 0.85 0.0 0.0 1.87 0.0 -0.91 -0.85 0.0
0.0 0.0 1.29 1.43 -1.36 -1.29 -1.43 1.36 0.0 -1.88 0.0 0.91 0.85 0.0 0.0 1.88 0.0 -0.91 -0.85 0.0
0.0 0.0 1.29 1.43 -1.35 -1.29 -1.43 1.35 0.0 -1.88 0.0 0.91 0.85 0.0 0.0 1.88 0.0 -0.91 -0.85 0.0
0.0 0.0 1.29 1.43 -1.34 -1.29 -1.43 1.34 0.0 -1.89 0.0 0.91 0.85 0.0 0.0 1.89 0.0 -0.91 -0.85 0.0
0.0 0.0 1.29 1.43 -1.33 -1.29 -1.43 1.33 0.0 -1.89 0.0 0.91 0.85 0.0 0.0 1.89 0.0 -0.91 -0.85 0.0
0.0 0.0 1.29 1.43 -1.33 -1.29 -1.43 1.33 0.0 -1.9 0.0 0.91 0.85 0.0 0.0 1.9 0.0 -0.91 -0.85 0.0
0.0 0.0 1.29 1.43 -1.32 -1.29 -1.43 1.32 0.0 -1.9 0.0 0.91 0.85 0.0 0.0 1.9 0.0 -0.91 -0.85 0.0
0.0 0.0 1.29 1.43 -1.32 -1.29 -1.43 1.32 0.0 -1.9 0.0 0.91 0.85 0.0 0.0 1.9 0.0 -0.91 -0.85 0.0
0.0 0.0 1.29 1.43 -1.32 -1.29 -1.43 1.32 0.0 -1.9 0.0 0.91 0.85 0.0 0.0 1.9 0.0 -0.91 -0.85 0.0
0.0 0.0 1.29 1.43 -1.32 -1.29 -1.43 1.32 0.0 -1.9 0.0 0.91 0.85 0.0 0.0 1.9 0.0 -0.91 -0.85 0.0
0.0 0.0 1.29 1.43 -1.32 -1.29 -1.43 1.32 0.0 -1.9 0.0 0.91 0.85 0.0 0.0 1.9 0.0 -0.91 -0.85 0.0
0.0 0.0 1.29 1.43 -1.32 -1.29 -1.43 1.32 0.0 -1.9 0.0 0.91 0.85 0.0 0.0 1.9 0.0 -0.91 -0.85 0.0
0.0 0.0 1.29 1.43 -1.32 -1.29 -1.43 1.32 0.0 -1.9 0.0 0.91 0.85 0.0 0.0 1.9 0.0 -0.91 -0.85 0.0
0.0 0.0 1.29 1.43 -1.32 -1.29 -1.43 1.32 0.0 -1.89 0.0 0.91 0.84 0.0 0.0 1.89 0.0 -0.91 -0.84 0.0
0.0 0.0 1.29 1.43 -1.31 -1.29 -1.43 1.31 0.0 -1.89 0.0 0.92 0.84 0.0 0.0 1.89 0.0 -0.92 -0.84 0.0
0.0 0.0 1.29 1.43 -1.31 -1.29 -1.43 1.31 0.0 -1.88 0.0 0.92 0.83 0.0 0.0 1.88 0.0 -0.92 -0.83 0.0
0.0 0.0 1.3 1.43 -1.31 -1.3 -1.43 1.31 0.0 -1.87 0.0 0.93 0.82 0.0 0.0 1.87 0.0 -0.93 -0.82 0.0
0.0 0.0 1.3 1.43 -1.3 -1.3 -1.43 1.3 0.0 -1.85 0.0 0.94 0.81 0.0 0.0 1.85 0.0 -0.94 -0.81 0.0
0.0 0.0 1.3 1.43 -1.29 -1.3 -1.43 1.29 0.0 -1.84 0.0 0.95 0.79 0.0 0.0 1.84 0.0 -0.95 -0.79 0.0
0.0 0.0 1.31 1.43 -1.28 -1.31 -1.43 1.28 0.0 -1.82 0.0 0.97 0.77 0.0 0.0 1.82 0.0 -0.97 -0.77 0.0
0.0 0.0 1.31 1.43 -1.27 -1.31 -1.43 1.27 0.0 -1.79 0.0 0.98 0.75 0.0 0.0 1.79 0.0 -0.98 -0.75 0.0
0.0 0.0 1.32 1.43 -1.26 -1.32 -1.43 1.26 0.0 -1.76 0.0 1.0 0.73 0.0 0.0 1.76 0.0 -1.0 -0.73 0.0
0.0 0.0 1.32 1.43 -1.24 -1.32 -1.43 1.24 0.0 -1.73 0.0 1.02 0.7 0.0 0.0 1.73 0.0 -1.02 -0.7 0.0
0.0 0.0 1.33 1.43 -1.23 -1.33 -1.43 1.23 0.0 -1.7 0.0 1.04 0.67 0.0 0.0 1.7 0.0 -1.04 -0.67 0.0
0.0 0.0 1.34 1.43 -1.21 -1.34 -1.43 1.21 0.0 -1.66 0.0 1.07 0.63 0.0 0.0 1.66 0.0 -1.07 -0.63 0.0
0.0 0.0 1.34 1.43 -1.19 -1.34 -1.43 1.19 0.0 -1.62 0.0 1.1 0.6 0.0 0.0 1.62 0.0 -1.1 -0.6 0.0
0.0 0.0 1.35 1.43 -1.17 -1.35 -1.43 1.17 0.0 -1.58 0.0 1.13 0.56 0.0 0.0 1.58 0.0 -1.13 -0.56 0.0
0.0 0.0 1.36 1.43 -1.15 -1.36 -1.43 1.15 0.0 -1.53 0.0 1.16 0.52 0.0 0.0 1.53 0.0 -1.16 -0.52 0.0
0.0 0.0 1.37 1.43 -1.13 -1.37 -1.43 1.13 0.0 -1.49 0.0 1.19 0.48 0.0 0.0 1.49 0.0 -1.19 -0.48 0.0
0.0 0.0 1.38 1.43 -1.11 -1.38 -1.43 1.11 0.0 -1.44 0.0 1.22 0.43 0.0 0.0 1.44 0.0 -1.22 -0.43 0.0
0.0 0.0 1.39 1.43 -1.09 -1.39 -1.43 1.09 0.0 -1.39 0.0 1.26 0.38 0.0 0.0 1.39 0.0 -1.26 -0.38 0.0
0.0 0.0 1.4 1.43 -1.06 -1.4 -1.43 1.06 0.0 -1.33 0.0 1.29 0.34 0.0 0.0 1.33 0.0 -1.29 -0.34 0.0
0.0 0.0 1.41 1.43 -1.04 -1.41 -1.43 1.04 0.0 -1.28 0.0 1.33 0.29 0.0 0.0 1.28 0.0 -1.33 -0.29 0.0
0.0 0.0 1.42 1.43 -1.01 -1.42 -1.43 1.01 0.0 -1.22 0.0 1.36 0.24 0.0 0.0 1.22 0.0 -1.36 -0.24 0.0
0.0 0.0 1.43 1.43 -0.99 -1.43 -1.43 0.99 0.0 -1.17 0.0 1.4 0.19 0.0 0.0 1.17 0.0 -1.4 -0.19 0.0
0.0 0.0 1.44 1.43 -0.97 -1.44 -1.43 0.97 0.0 -1.12 0.0 1.44 0.14 0.0 0.0 1.12 0.0 -1.44 -0.14 0.0
0.0 0.0 1.45 1.43 -0.94 -1.45 -1.43 0.94 0.0 -1.06 0.0 1.47 0.09 0.0 0.0 1.06 0.0 -1.47 -0.09 0.0
0.0 0.0 1.46 1.43 -0.92 -1.46 -1.43 0.92 0.0 -1.01 0.0 1.51 0.04 0.0 0.0 1.01 0.0 -1.51 -0.04 0.0
0.0 0.0 1.47 1.43 -0.89 -1.47 -1.43 0.89 0.0 -0.95 0.0 1.54 -0.0 0.0 0.0 0.95 0.0 -1.54 0.0 0.0
0.0 0.0 1.48 1.43 -0.87 -1.48 -1.43 0.87 0.0 -0.9 0.0 1.58 -0.05 0.0 0.0 0.9 0.0 -1.58 0.05 0.0
0.0 0.0 1.49 1.43 -0.85 -1.49 -1.43 0.85 0.0 -0.85 0.0 1.61 -0.1 0.0 0.0 0.85 0.0 -1.61 0.1 0.0
0.0 0.0 1.5 1.43 -0.83 -1.5 -1.43 0.83 0.0 -0.81 0.0 1.64 -0.14 0.0 0.0 0.81 0.0 -1.64 0.14 0.0
0.0 0.0 1.51 1.43 -0.81 -1.51 -1.43 0.81 0.0 -0.76 0.0 1.67 -0.18 0.0 0.0 0.76 0.0 -1.67 0.18 0.0
0.0 0.0 1.52 1.43 -0.79 -1.52 -1.43 0.79 0.0 -0.72 0.0 1.7 -0.22 0.0 0.0 0.72 0.0 -1.7 0.22 0.0
0.0 0.0 1.52 1.43 -0.77 -1.52 -1.43 0.77 0.0 -0.68 0.0 1.73 -0.25 0.0 0.0 0.68 0.0 -1.73 0.25 0.0
0.0 0.0 1.53 1.43 -0.75 -1.53 -1.43 0.75 0.0 -0.64 0.0 1.76 -0.29 0.0 0.0 0.64 0.0 -1.76 0.29 0.0
0.0 0.0 1.54 1.43 -0.74 -1.54 -1.43 0.74 0.0 -0.61 0.0 1.78 -0.32 0.0 0.0 0.61 0.0 -1.78 0.32 0.0
0.0 0.0 1.54 1.43 -0.72 -1.54 -1.43 0.72 0.0 -0.58 0.0 1.8 -0.35 0.0 0.0 0.58 0.0 -1.8 0.35 0.0
0.0 0.0 1.55 1.43 -0.71 -1.55 -1.43 0.71 0.0 -0.55 0.0 1.82 -0.37 0.0 0.0 0.55 0.0 -1.82 0.37 0.0
0.0 0.0 1.55 1.43 -0.7 -1.55 -1.43 0.7 0.0 -0.52 0.0 1.83 -0.39 0.0 0.0 0.52 0.0 -1.83 0.39 0.0
0.0 0.0 1.56 1.43 -0.69 -1.56 -1.43 0.69 0.0 -0.5 0.0 1.85 -0.41 0.0 0.0 0.5 0.0 -1.85 0.41 0.0
0.0 0.0 1.56 1.43 -0.68 -1.56 -1.43 0.68 0.0 -0.49 0.0 1.86 -0.43 0.0 0.0 0.49 0.0 -1.86 0.43 0.0
0.0 0.0 1.56 1.43 -0.67 -1.56 -1.43 0.67 0.0 -0.47 0.0 1.87 -0.44 0.0 0.0 0.47 0.0 -1.87 0.44 0.0
0.0 0.0 1.57 1.43 -0.67 -1.57 -1.43 0.67 0.0 -0.46 0.0 1.88 -0.45 0.0 0.0 0.46 0.0 -1.88 0.45 0.0
0.0 0.0 1.57 1.43 -0.67 -1.57 -1.43 0.67 0.0 -0.45 0.0 1.88 -0.46 0.0 0.0 0.45 0.0 -1.88 0.46 0.0
0.0 0.0 1.57 1.43 -0.66 -1.57 -1.43 0.66 0.0 -0.45 0.0 1.89 -0.46 0.0 0.0 0.45 0.0 -1.89 0.46 0.0
0.0 0.0 1.57 1.43 -0.66 -1.57 -1.43 0.66 0.0 -0.44 0.0 1.89 -0.47 0.0 0.0 0.44 0.0 -1.89 0.47 0.0
0.0 0.0 1.57 1.43 -0.66 -1.57 -1.43 0.66 0.0 -0.44 0.0 1.89 -0.47 0.0 0.0 0.44 0.0 -1.89 0.47 0.0
0.0 0.0 1.57 1.43 -0.66 -1.57 -1.43 0.66 0.0 -0.44 0.0 1.89 -0.47 0.0 0.0 0.44 0.0 -1.89 0.47 0.0
0.0 0.0 1.57 1.43 -0.66 -1.57 -1.43 0.66 0.0 -0.44 0.0 1.89 -0.47 0.0 0.0 0.44 0.0 -1.89 0.47 0.0
0.0 0.0 1.57 1.43 -0.66 -1.57 -1.43 0.66 0.0 -0.44 0.0 1.89 -0.47 0.0 0.0 0.44 0.0 -1.89 0.47 0.0
0.0 0.0 1.57 1.43 -0.66 -1.57 -1.43 0.66 0.0 -0.44 0.0 1.89 -0.47 0.0 0.0 0.44 0.0 -1.89 0.47 0.0
0.0 0.0 1.57 1.43 -0.66 -1.57 -1.43 0.66 0.0 -0.44 0.0 1.89 -0.47 0.0 0.0 0.44 0.0 -1.89 0.47 0.0
0.0 0.0 1.57 1.43 -0.66 -1.57 -1.43 0.66 0.0 -0.44 0.0 1.89 -0.47 0.0 0.0 0.44 0.0 -1.89 0.47 0.0
0.0 0.0 1.57 1.43 -0.66 -1.57 -1.43 0.66 0.0 -0.43 0.0 1.89 -0.48 0.0 0.0 0.43 0.0 -1.89 0.48 0.0
0.0 0.0 1.57 1.43 -0.66 -1.57 -1.43 0.66 0.0 -0.43 0.0 1.89 -0.48 0.0 0.0 0.43 0.0 -1.89 0.48 0.0
0.0 0.0 1.57 1.43 -0.66 -1.57 -1.43 0.66 0.0 -0.42 0.0 1.89 -0.49 0.0 0.0 0.42 0.0 -1.89 0.49 0.0
0.0 0.0 1.57 1.43 -0.65 -1.57 -1.43 0.65 0.0 -0.41 0.0 1.89 -0.5 0.0 0.0 0.41 0.0 -1.89 0.49 0.0
0.0 0.0 1.57 1.43 -0.65 -1.57 -1.43 0.65 0.0 -0.4 0.0 1.89 -0.51 0.0 0.0 0.4 0.0 -1.89 0.5 0.0
0.0 0.0 1.57 1.43 -0.65 -1.57 -1.43 0.65 0.0 -0.38 0.0 1.89 -0.52 0.0 0.0 0.38 0.0 -1.89 0.51 0.0
0.0 0.0 1.57 1.43 -0.65 -1.57 -1.43 0.65 0.0 -0.37 0.0 1.89 -0.53 0.0 0.0 0.37 0.0 -1.89 0.53 0.0
0.0 0.0 1.57 1.43 -0.65 -1.57 -1.43 0.65 0.0 -0.35 0.0 1.89 -0.55 0.0 0.0 0.35 0.0 -1.89 0.54 0.0
0.0 0.0 1.57 1.43 -0.64 -1.57 -1.43 0.64 0.0 -0.33 0.0 1.89 -0.56 0.0 0.0 0.33 0.0 -1.89 0.56 0.0
0.0 0.0 1.57 1.43 -0.64 -1.57 -1.43 0.64 0.0 -0.3 0.0 1.89 -0.58 0.0 0.0 0.3 0.0 -1.89 0.57 0.0
0.0 0.0 1.57 1.43 -0.63 -1.57 -1.43 0.63 0.0 -0.28 0.0 1.89 -0.6 0.0 0.0 0.28 0.0 -1.89 0.59 0.0
0.0 0.0 1.57 1.43 -0.63 -1.57 -1.43 0.63 0.0 -0.25 0.0 1.89 -0.63 0.0 0.0 0.25 0.0 -1.89 0.61 0.0
0.0 0.0 1.57 1.43 -0.62 -1.57 -1.43 0.62 0.0 -0.22 0.0 1.89 -0.65 0.0 0.0 0.22 0.0 -1.89 0.64 0.0
0.0 0.0 1.57 1.43 -0.62 -1.57 -1.43 0.62 0.0 -0.19 0.0 1.9 -0.68 0.0 0.0 0.19 0.0 -1.9 0.66 0.0
0.0 0.0 1.57 1.43 -0.61 -1.57 -1.43 0.61 0.0 -0.16 0.0 1.9 -0.7 0.0 0.0 0.16 0.0 -1.9 0.69 0.0
0.0 0.0 1.57 1.43 -0.61 -1.57 -1.43 0.61 0.0 -0.13 0.0 1.9 -0.73 0.0 0.0 0.13 0.0 -1.9 0.71 0.0
0.0 0.0 1.57 1.43 -0.6 -1.57 -1.43 0.6 0.0 -0.09 0.0 1.9 -0.76 0.0 0.0 0.09 0.0 -1.9 0.74 0.0
0.0 0.0 1.57 1.43 -0.6 -1.57 -1.43 0.6 0.0 -0.06 0.0 1.9 -0.79 0.0 0.0 0.06 0.0 -1.9 0.77 0.0
0.0 0.0 1.57 1.43 -0.59 -1.57 -1.43 0.59 0.0 -0.02 0.0 1.9 -0.82 0.0 0.0 0.02 0.0 -1.9 0.79 0.0
0.0 0.0 1.57 1.43 -0.59 -1.57 -1.43 0.59 0.0 0.02 0.0 1.9 -0.85 0.0 0.0 -0.02 0.0 -1.9 0.82 0.0
0.0 0.0 1.57 1.43 -0.58 -1.57 -1.43 0.58 0.0 0.06 0.0 1.9 -0.88 0.0 0.0 -0.06 0.0 -1.9 0.85 0.0
0.0 0.0 1.57 1.43 -0.57 -1.57 -1.43 0.57 0.0 0.09 0.0 1.9 -0.91 0.0 0.0 -0.09 0.0 -1.9 0.88 0.0
0.0 0.0 1.57 1.43 -0.57 -1.57 -1.43 0.57 0.0 0.13 0.0 1.9 -0.94 0.0 0.0 -0.13 0.0 -1.9 0.91 0.0
0.0 0.0 1.57 1.43 -0.56 -1.57 -1.43 0.56 0.0 0.17 0.0 1.9 -0.97 0.0 0.0 -0.17 0.0 -1.9 0.93 0.0
0.0 0.0 1.57 1.43 -0.56 -1.57 -1.43 0.56 0.0 0.2 0.0 1.9 -1.0 0.0 0.0 -0.2 0.0 -1.9 0.96 0.0
0.0 0.0 1.57 1.43 -0.55 -1.57 -1.43 0.55 0.0 0.24 0.0 1.9 -1.03 0.0 0.0 -0.24 0.0 -1.9 0.99 0.0
0.0 0.0 1.57 1.43 -0.55 -1.57 -1.43 0.55 0.0 0.27 0.0 1.9 -1.06 0.0 0.0 -0.27 0.0 -1.9 1.01 0.0
0.0 0.0 1.57 1.43 -0.54 -1.57 -1.43 0.54 0.0 0.3 0.0 1.9 -1.08 0.0 0.0 -0.3 0.0 -1.9 1.04 0.0
0.0 0.0 1.57 1.43 -0.54 -1.57 -1.43 0.54 0.0 0.33 0.0 1.91 -1.11 0.0 0.0 -0.33 0.0 -1.91 1.06 0.0
0.0 0.0 1.57 1.43 -0.53 -1.57 -1.43 0.53 0.0 0.36 0.0 1.91 -1.13 0.0 0.0 -0.36 0.0 -1.91 1.09 0.0
0.0 0.0 1.57 1.43 -0.53 -1.57 -1.43 0.53 0.0 0.39 0.0 1.91 -1.16 0.0 0.0 -0.39 0.0 -1.91 1.11 0.0
0.0 0.0 1.57 1.43 -0.52 -1.57 -1.43 0.52 0.0 0.41 0.0 1.91 -1.18 0.0 0.0 -0.41 0.0 -1.91 1.13 0.0
0.0 0.0 1.57 1.43 -0.52 -1.57 -1.43 0.52 0.0 0.44 0.0 1.91 -1.2 0.0 0.0 -0.44 0.0 -1.91 1.14 0.0
0.0 0.0 1.57 1.43 -0.51 -1.57 -1.43 0.51 0.0 0.46 0.0 1.91 -1.21 0.0 0.0 -0.46 0.0 -1.91 1.16 0.0
0.0 0.0 1.57 1.43 -0.51 -1.57 -1.43 0.51 0.0 0.48 0.0 1.91 -1.23 0.0 0.0 -0.48 0.0 -1.91 1.17 0.0
0.0 0.0 1.57 1.43 -0.51 -1.57 -1.43 0.51 0.0 0.49 0.0 1.91 -1.24 0.0 0.0 -0.49 0.0 -1.91 1.19 0.0
0.0 0.0 1.57 1.43 -0.51 -1.57 -1.43 0.51 0.0 0.51 0.0 1.91 -1.25 0.0 0.0 -0.51 0.0 -1.91 1.2 0.0
0.0 0.0 1.57 1.43 -0.51 -1.57 -1.43 0.51 0.0 0.52 0.0 1.91 -1.26 0.0 0.0 -0.52 0.0 -1.91 1.21 0.0
0.0 0.0 1.57 1.43 -0.5 -1.57 -1.43 0.5 0.0 0.53 0.0 1.91 -1.27 0.0 0.0 -0.53 0.0 -1.91 1.21 0.0
0.0 0.0 1.57 1.43 -0.5 -1.57 -1.43 0.5 0.0 0.54 0.0 1.91 -1.28 0.0 0.0 -0.54 0.0 -1.91 1.22 0.0
0.0 0.0 1.57 1.43 -0.5 -1.57 -1.43 0.5 0.0 0.54 0.0 1.91 -1.28 0.0 0.0 -0.54 0.0 -1.91 1.22 0.0
0.0 0.0 1.57 1.43 -0.5 -1.57 -1.43 0.5 0.0 0.55 0.0 1.91 -1.29 0.0 0.0 -0.55 0.0 -1.91 1.23 0.0
0.0 0.0 1.57 1.43 -0.5 -1.57 -1.43 0.5 0.0 0.55 0.0 1.91 -1.29 0.0 0.0 -0.55 0.0 -1.91 1.23 0.0
0.0 0.0 1.57 1.43 -0.5 -1.57 -1.43 0.5 0.0 0.55 0.0 1.91 -1.29 0.0 0.0 -0.55 0.0 -1.91 1.23 0.0
0.0 0.0 1.57 1.43 -0.5 -1.57 -1.43 0.5 0.0 0.55 0.0 1.91 -1.29 0.0 0.0 -0.55 0.0 -1.91 1.23 0.0
0.0 0.0 1.57 1.43 -0.5 -1.57 -1.43 0.5 0.0 0.55 0.0 1.91 -1.29 0.0 0.0 -0.55 0.0 -1.91 1.23 0.0
0.0 0.0 1.57 1.43 -0.5 -1.57 -1.43 0.5 0.0 0.55 0.0 1.91 -1.29 0.0 0.0 -0.55 0.0 -1.91 1.23 0.0
0.0 0.0 1.57 1.43 -0.5 -1.57 -1.43 0.5 0.0 0.55 0.0 1.91 -1.29 0.0 0.0 -0.55 0.0 -1.91 1.23 0.0
0.0 0.0 1.57 1.43 -0.5 -1.57 -1.43 0.5 0.0 0.55 0.0 1.91 -1.29 0.0 0.0 -0.55 0.0 -1.91 1.23 0.0
0.0 0.0 1.57 1.43 -0.5 -1.57 -1.43 0.5 0.0 0.55 0.0 1.91 -1.29 0.0 0.0 -0.55 0.0 -1.91 1.23 0.0
0.0 0.0 1.57 1.43 -0.5 -1.57 -1.43 0.5 0.0 0.55 0.0 1.91 -1.29 0.0 0.0 -0.55 0.0 -1.91 1.23 0.0
0.0 0.0 1.57 1.43 -0.5 -1.57 -1.43 0.5 0.0 0.55 0.0 1.91 -1.29 0.0 0.0 -0.55 0.0 -1.91 1.23 0.0
0.0 0.0 1.57 1.43 -0.5 -1.57 -1.43 0.5 0.0 0.56 0.0 1.91 -1.3 0.0 0.0 -0.56 0.0 -1.91 1.24 0.0
0.0 0.0 1.57 1.43 -0.5 -1.57 -1.43 0.5 0.0 0.56 0.0 1.91 -1.3 0.0 0.0 -0.56 0.0 -1.9 1.24 0.0
0.0 0.0 1.57 1.43 -0.5 -1.57 -1.43 0.5 0.0 0.56 0.0 1.9 -1.3 0.0 0.0 -0.56 0.0 -1.9 1.24 0.0
0.0 0.0 1.57 1.43 -0.5 -1.57 -1.43 0.5 0.0 0.57 0.0 1.9 -1.31 0.0 0.0 -0.57 0.0 -1.9 1.25 0.0
0.0 0.0 1.57 1.43 -0.5 -1.57 -1.43 0.5 0.0 0.57 0.0 1.9 -1.31 0.0 0.0 -0.57 0.0 -1.9 1.26 0.0
0.0 0.0 1.57 1.43 -0.5 -1.57 -1.43 0.5 0.0 0.58 0.0 1.9 -1.32 0.0 0.0 -0.58 0.0 -1.9 1.26 0.0
0.0 0.0 1.57 1.43 -0.5 -1.57 -1.43 0.5 0.0 0.58 0.0 1.9 -1.32 0.0 0.0 -0.59 0.0 -1.89 1.27 0.0
0.0 0.0 1.57 1.43 -0.5 -1.57 -1.43 0.5 0.0 0.59 0.0 1.89 -1.33 0.0 0.0 -0.59 0.0 -1.89 1.28 0.0
0.0 0.0 1.57 1.43 -0.5 -1.57 -1.43 0.5 0.0 0.6 0.0 1.89 -1.34 0.0 0.0 -0.6 0.0 -1.88 1.29 0.0
0.0 0.0 1.57 1.43 -0.5 -1.57 -1.43 0.5 0.0 0.61 0.0 1.89 -1.34 0.0 0.0 -0.61 0.0 -1.88 1.29 0.0
0.0 0.0 1.57 1.43 -0.5 -1.57 -1.43 0.5 0.0 0.62 0.0 1.88 -1.35 0.0 0.0 -0.62 0.0 -1.87 1.3 0.0
0.0 0.0 1.57 1.43 -0.5 -1.57 -1.43 0.5 0.0 0.63 0.0 1.88 -1.36 0.0 0.0 -0.63 0.0 -1.87 1.32 0.0
0.0 0.0 1.57 1.43 -0.5 -1.57 -1.43 0.5 0.0 0.64 0.0 1.88 -1.37 0.0 0.0 -0.64 0.0 -1.86 1.33 0.0
0.0 0.0 1.57 1.43 -0.5 -1.57 -1.43 0.5 0.0 0.65 0.0 1.87 -1.38 0.0 0.0 -0.65 0.0 -1.86 1.34 0.0
0.0 0.0 1.57 1.43 -0.5 -1.57 -1.43 0.5 0.0 0.66 0.0 1.87 -1.39 0.0 0.0 -0.66 0.0 -1.85 1.35 0.0
0.0 0.0 1.57 1.43 -0.5 -1.57 -1.43 0.5 0.0 0.67 0.0 1.86 -1.4 0.0 0.0 -0.67 0.0 -1.85 1.36 0.0
0.0 0.0 1.57 1.43 -0.5 -1.57 -1.43 0.5 0.0 0.68 0.0 1.86 -1.41 0.0 0.0 -0.68 0.0 -1.84 1.37 0.0
0.0 0.0 1.57 1.43 -0.5 -1.57 -1.43 0.5 0.0 0.69 0.0 1.85 -1.42 0.0 0.0 -0.69 0.0 -1.84 1.39 0.0
0.0 0.0 1.57 1.43 -0.5 -1.57 -1.43 0.5 0.0 0.7 0.0 1.85 -1.43 0.0 0.0 -0.71 0.0 -1.83 1.4 0.0
0.0 0.0 1.57 1.43 -0.5 -1.57 -1.43 0.5 0.0 0.71 0.0 1.85 -1.44 0.0 0.0 -0.72 0.0 -1.82 1.41 0.0
0.0 0.0 1.57 1.43 -0.5 -1.57 -1.43 0.5 0.0 0.72 0.0 1.84 -1.45 0.0 0.0 -0.73 0.0 -1.82 1.43 0.0
0.0 0.0 1.57 1.43 -0.5 -1.57 -1.43 0.5 0.0 0.73 0.0 1.84 -1.46 0.0 0.0 -0.74 0.0 -1.81 1.44 0.0
0.0 0.0 1.57 1.43 -0.5 -1.57 -1.43 0.5 0.0 0.74 0.0 1.83 -1.47 0.0 0.0 -0.75 0.0 -1.81 1.45 0.0
0.0 0.0 1.57 1.43 -0.5 -1.57 -1.43 0.5 0.0 0.75 0.0 1.83 -1.48 0.0 0.0 -0.76 0.0 -1.8 1.46 0.0
0.0 0.0 1.57 1.43 -0.5 -1.57 -1.43 0.5 0.0 0.76 0.0 1.82 -1.49 0.0 0.0 -0.77 0.0 -1.8 1.47 0.0
0.0 0.0 1.57 1.43 -0.5 -1.57 -1.43 0.5 0.0 0.77 0.0 1.82 -1.5 0.0 0.0 -0.78 0.0 -1.79 1.48 0.0
0.0 0.0 1.57 1.43 -0.5 -1.57 -1.43 0.5 0.0 0.78 0.0 1.82 -1.51 0.0 0.0 -0.79 0.0 -1.79 1.5 0.0
0.0 0.0 1.57 1.43 -0.5 -1.57 -1.43 0.5 0.0 0.79 0.0 1.81 -1.52 0.0 0.0 -0.8 0.0 -1.78 1.51 0.0
0.0 0.0 1.57 1.43 -0.5 -1.57 -1.43 0.5 0.0 0.8 0.0 1.81 -1.52 0.0 0.0 -0.81 0.0 -1.78 1.51 0.0
0.0 0.0 1.57 1.43 -0.5 -1.57 -1.43 0.5 0.0 0.81 0.0 1.81 -1.53 0.0 0.0 -0.82 0.0 -1.77 1.52 0.0
0.0 0.0 1.57 1.43 -0.5 -1.57 -1.43 0.5 0.0 0.82 0.0 1.8 -1.54 0.0 0.0 -0.82 0.0 -1.77 1.53 0.0
0.0 0.0 1.57 1.43 -0.5 -1.57 -1.43 0.5 0.0 0.82 0.0 1.8 -1.54 0.0 0.0 -0.83 0.0 -1.76 1.54 0.0
0.0 0.0 1.57 1.43 -0.5 -1.57 -1.43 0.5 0.0 0.83 0.0 1.8 -1.55 0.0 0.0 -0.84 0.0 -1.76 1.54 0.0
0.0 0.0 1.57 1.43 -0.5 -1.57 -1.43 0.5 0.0 0.83 0.0 1.8 -1.55 0.0 0.0 -0.84 0.0 -1.76 1.55 0.0
0.0 0.0 1.57 1.43 -0.5 -1.57 -1.43 0.5 0.0 0.84 0.0 1.8 -1.56 0.0 0.0 -0.85 0.0 -1.76 1.56 0.0
0.0 0.0 1.57 1.43 -0.5 -1.57 -1.43 0.5 0.0 0.84 0.0 1.79 -1.56 0.0 0.0 -0.85 0.0 -1.76 1.56 0.0
0.0 0.0 1.57 1.43 -0.5 -1.57 -1.43 0.5 0.0 0.84 0.0 1.79 -1.56 0.0 0.0 -0.85 0.0 -1.75 1.56 0.0
0.0 0.0 1.57 1.43 -0.5 -1.57 -1.43 0.5 0.0 0.85 0.0 1.79 -1.57 0.0 0.0 -0.86 0.0 -1.75 1.57 0.0
0.0 0.0 1.57 1.43 -0.5 -1.57 -1.43 0.5 0.0 0.85 0.0 1.79 -1.57 0.0 0.0 -0.86 0.0 -1.75 1.57 0.0
0.0 0.0 1.57 1.43 -0.5 -1.57 -1.43 0.5 0.0 0.85 0.0 1.79 -1.57 0.0 0.0 -0.86 0.0 -1.75 1.57 0.0
0.0 0.0 1.57 1.43 -0.5 -1.57 -1.43 0.5 0.0 0.85 0.0 1.79 -1.57 0.0 0.0 -0.86 0.0 -1.75 1.57 0.0
0.0 0.0 1.57 1.43 -0.5 -1.57 -1.43 0.5 0.0 0.85 0.0 1.79 -1.57 0.0 0.0 -0.86 0.0 -1.75 1.57 0.0
0.0 0.0 1.57 1.43 -0.5 -1.57 -1.43 0.5 0.0 0.85 0.0 1.79 -1.57 0.0 0.0 -0.86 0.0 -1.75 1.57 0.0
0.0 0.0 1.57 1.43 -0.5 -1.57 -1.43 0.5 0.0 0.85 0.0 1.79 -1.57 0.0 0.0 -0.86 0.0 -1.75 1.57 0.0
0.0 0.0 1.57 1.43 -0.5 -1.57 -1.43 0.5 -0.0 0.85 0.0 1.79 -1.57 -0.0 0.0 -0.86 -0.0 -1.75 1.57 0.0
0.0 0.0 1.57 1.43 -0.5 -1.57 -1.43 0.5 -0.0 0.85 0.0 1.79 -1.57 -0.0 0.0 -0.86 -0.0 -1.75 1.57 0.0
0.0 0.0 1.57 1.43 -0.5 -1.57 -1.43 0.5 -0.0 0.85 0.0 1.79 -1.57 -0.0 0.0 -0.86 -0.0 -1.75 1.57 0.0
0.0 0.0 1.57 1.43 -0.5 -1.57 -1.43 0.5 -0.0 0.85 0.0 1.79 -1.57 -0.0 0.0 -0.86 -0.0 -1.75 1.57 0.0
0.0 0.0 1.57 1.43 -0.5 -1.57 -1.43 0.5 -0.0 0.85 0.0 1.79 -1.57 -0.0 0.0 -0.86 -0.0 -1.75 1.57 0.0
0.0 0.0 1.57 1.43 -0.5 -1.57 -1.43 0.5 -0.0 0.85 0.0 1.79 -1.57 -0.0 0.0 -0.86 -0.0 -1.75 1.57 0.0
0.0 0.0 1.57 1.43 -0.5 -1.57 -1.43 0.5 -0.0 0.85 0.0 1.79 -1.57 -0.0 0.0 -0.86 -0.0 -1.75 1.57 0.0
0.0 0.0 1.57 1.43 -0.5 -1.57 -1.43 0.5 -0.0 0.85 0.0 1.79 -1.57 -0.0 0.0 -0.86 -0.0 -1.75 1.57 0.0
0.0 0.0 1.57 1.43 -0.5 -1.57 -1.43 0.5 -0.0 0.85 0.0 1.79 -1.57 -0.0 0.0 -0.86 -0.0 -1.75 1.57 0.0
0.0 0.0 1.57 1.43 -0.5 -1.57 -1.43 0.5 -0.0 0.85 0.0 1.79 -1.57 -0.0 0.0 -0.86 -0.0 -1.75 1.57 0.0
0.0 0.0 1.57 1.43 -0.5 -1.57 -1.43 0.5 -0.0 0.85 0.0 1.79 -1.57 -0.0 0.0 -0.86 -0.0 -1.75 1.57 0.0
0.0 0.0 1.57 1.43 -0.5 -1.57 -1.43 0.5 -0.0 0.85 0.0 1.79 -1.57 -0.0 0.0 -0.86 -0.0 -1.75 1.57 0.0
0.0 0.0 1.57 1.43 -0.5 -1.57 -1.43 0.5 -0.0 0.85 0.0 1.79 -1.57 -0.0 0.0 -0.86 -0.0 -1.75 1.57 0.0
0.0 0.0 1.57 1.43 -0.5 -1.57 -1.43 0.5 -0.0 0.85 0.0 1.79 -1.57 -0.0 0.0 -0.86 -0.0 -1.75 1.57 0.0
0.0 0.0 1.57 1.43 -0.5 -1.57 -1.43 0.5 -0.0 0.85 0.0 1.79 -1.57 -0.0 0.0 -0.86 -0.0 -1.75 1.57 0.0
0.0 0.0 1.57 1.43 -0.5 -1.57 -1.43 0.5 -0.0 0.85 0.0 1.79 -1.57 -0.0 0.0 -0.86 -0.0 -1.75 1.57 0.0
0.0 0.0 1.57 1.43 -0.5 -1.57 -1.43 0.5 -0.0 0.85 0.0 1.79 -1.57 -0.0 0.0 -0.86 -0.0 -1.75 1.57 0.0
0.0 0.0 1.57 1.43 -0.5 -1.57 -1.43 0.5 -0.0 0.85 0.0 1.79 -1.57 -0.0 0.0 -0.86 -0.0 -1.75 1.57 0.0
0.0 0.0 1.57 1.43 -0.5 -1.57 -1.43 0.5 -0.0 0.85 0.0 1.79 -1.57 -0.0 0.0 -0.86 -0.0 -1.75 1.57 0.0
0.0 0.0 1.57 1.43 -0.5 -1.57 -1.43 0.5 -0.0 0.85 0.0 1.79 -1.57 -0.0 0.0 -0.86 -0.0 -1.75 1.57 0.0
0.0 0.0 1.57 1.43 -0.5 -1.57 -1.43 0.5 -0.0 0.85 0.0 1.79 -1.57 -0.0 0.0 -0.86 -0.0 -1.75 1.57 0.0
0.0 0.0 1.57 1.43 -0.5 -1.57 -1.43 0.5 -0.0 0.85 0.0 1.79 -1.57 -0.0 0.0 -0.86 -0.0 -1.75 1.57 0.0
0.0 0.0 1.57 1.43 -0.5 -1.57 -1.43 0.5 -0.0 0.85 0.0 1.79 -1.57 -0.0 0.0 -0.86 -0.0 -1.75 1.57 0.0
0.0 0.0 1.57 1.43 -0.5 -1.57 -1.43 0.5 -0.0 0.85 0.0 1.79 -1.57 -0.0 0.0 -0.86 -0.0 -1.75 1.57 0.0
0.0 0.0 1.57 1.43 -0.5 -1.57 -1.43 0.5 -0.0 0.85 0.0 1.79 -1.57 -0.0 0.0 -0.86 -0.0 -1.75 1.57 0.0
0.0 0.0 1.57 1.43 -0.5 -1.57 -1.43 0.5 -0.0 0.85 0.0 1.79 -1.57 -0.0 0.0 -0.86 -0.0 -1.75 1.57 0.0
0.0 0.0 1.57 1.43 -0.5 -1.57 -1.43 0.5 -0.0 0.85 0.0 1.79 -1.57 -0.0 0.0 -0.86 -0.0 -1.75 1.57 0.0
0.0 0.0 1.57 1.43 -0.5 -1.57 -1.43 0.5 -0.0 0.85 0.0 1.79 -1.57 -0.0 0.0 -0.86 -0.0 -1.75 1.57 0.0
0.0 0.0 1.57 1.43 -0.5 -1.57 -1.43 0.5 -0.0 0.85 0.0 1.79 -1.57 -0.0 0.0 -0.86 -0.0 -1.75 1.57 0.0
0.0 0.0 1.57 1.43 -0.5 -1.57 -1.43 0.5 -0.0 0.85 0.0 1.79 -1.57 -0.0 0.0 -0.86 -0.0 -1.75 1.57 0.0
0.0 0.0 1.57 1.43 -0.5 -1.57 -1.43 0.5 -0.0 0.85 0.0 1.79 -1.57 -0.0 0.0 -0.86 -0.0 -1.75 1.57 0.0
0.0 0.0 1.57 1.43 -0.51 -1.57 -1.43 0.51 -0.0 0.85 0.0 1.79 -1.57 -0.0 0.0 -0.86 -0.0 -1.75 1.57 0.0
0.0 0.0 1.57 1.43 -0.51 -1.57 -1.43 0.51 -0.0 0.85 0.0 1.79 -1.57 -0.0 0.0 -0.86 -0.0 -1.75 1.57 0.0
0.0 0.0 1.57 1.43 -0.51 -1.57 -1.43 0.51 -0.0 0.85 0.0 1.79 -1.57 -0.0 0.0 -0.86 -0.0 -1.75 1.57 0.0
0.0 0.0 1.57 1.43 -0.51 -1.57 -1.43 0.51 -0.0 0.85 0.0 1.79 -1.57 -0.0 0.0 -0.86 -0.0 -1.75 1.57 0.0
0.0 0.0 1.57 1.43 -0.51 -1.57 -1.43 0.51 -0.0 0.85 0.0 1.79 -1.57 -0.0 0.0 -0.86 -0.0 -1.75 1.57 0.0
0.0 0.0 1.57 1.43 -0.51 -1.57 -1.43 0.51 -0.0 0.84 0.0 1.79 -1.57 -0.0 0.0 -0.85 -0.0 -1.75 1.57 0.0
0.0 0.0 1.57 1.43 -0.51 -1.57 -1.43 0.51 -0.0 0.84 0.0 1.79 -1.57 -0.0 0.0 -0.85 -0.0 -1.75 1.57 0.0
0.0 0.0 1.57 1.43 -0.51 -1.57 -1.43 0.51 -0.0 0.84 0.0 1.79 -1.57 -0.0 0.0 -0.85 -0.0 -1.75 1.57 0.0
0.0 0.0 1.57 1.43 -0.51 -1.57 -1.43 0.51 -0.0 0.84 0.0 1.79 -1.57 -0.0 0.0 -0.85 -0.0 -1.75 1.57 0.0
0.0 0.0 1.56 1.43 -0.51 -1.56 -1.43 0.51 -0.0 0.84 0.0 1.79 -1.57 -0.0 0.0 -0.85 -0.0 -1.75 1.57 0.0
0.0 0.0 1.56 1.43 -0.51 -1.56 -1.43 0.51 -0.0 0.84 0.0 1.79 -1.57 -0.0 0.0 -0.85 -0.0 -1.75 1.57 0.0
0.0 0.0 1.56 1.43 -0.51 -1.56 -1.43 0.51 -0.0 0.84 0.0 1.79 -1.56 -0.0 0.0 -0.85 -0.0 -1.75 1.56 0.0
0.0 0.0 1.56 1.43 -0.51 -1.56 -1.43 0.51 -0.0 0.84 0.0 1.79 -1.56 -0.0 0.0 -0.85 -0.0 -1.75 1.56 0.0
0.0 0.0 1.56 1.43 -0.51 -1.56 -1.43 0.51 -0.0 0.84 0.0 1.78 -1.56 -0.0 0.0 -0.85 -0.0 -1.75 1.56 0.0
0.0 0.0 1.56 1.43 -0.51 -1.56 -1.43 0.51 -0.0 0.84 0.0 1.78 -1.56 -0.0 0.0 -0.85 -0.0 -1.74 1.56 0.0
0.0 0.0 1.56 1.43 -0.52 -1.56 -1.43 0.52 -0.0 0.84 0.0 1.78 -1.56 -0.0 0.0 -0.85 -0.0 -1.74 1.56 0.0
0.0 0.0 1.56 1.43 -0.52 -1.56 -1.43 0.52 -0.0 0.84 0.0 1.78 -1.56 -0.0 0.0 -0.85 -0.0 -1.74 1.56 0.0
0.0 0.0 1.56 1.43 -0.52 -1.56 -1.43 0.52 -0.0 0.84 0.0 1.78 -1.56 -0.0 0.0 -0.85 -0.0 -1.74 1.56 0.0
0.0 0.0 1.56 1.43 -0.52 -1.56 -1.43 0.52 -0.0 0.84 0.0 1.78 -1.56 -0.0 0.0 -0.85 -0.0 -1.74 1.56 0.0
0.0 0.0 1.56 1.43 -0.52 -1.56 -1.43 0.52 -0.0 0.84 0.0 1.78 -1.56 -0.0 0.0 -0.85 -0.0 -1.74 1.56 0.0
0.0 0.0 1.56 1.43 -0.52 -1.56 -1.43 0.52 -0.0 0.84 0.0 1.78 -1.56 -0.0 0.0 -0.85 -0.0 -1.74 1.56 0.0
0.0 0.0 1.56 1.43 -0.52 -1.56 -1.43 0.52 -0.0 0.84 0.0 1.78 -1.56 -0.0 0.0 -0.85 -0.0 -1.74 1.56 0.0
0.0 0.0 1.56 1.43 -0.52 -1.56 -1.43 0.52 -0.0 0.83 0.0 1.78 -1.56 -0.0 0.0 -0.84 -0.0 -1.74 1.56 0.0
0.0 0.0 1.56 1.43 -0.52 -1.56 -1.43 0.52 -0.0 0.83 0.0 1.78 -1.56 -0.0 0.0 -0.84 -0.0 -1.74 1.56 0.0
0.0 0.0 1.56 1.43 -0.53 -1.56 -1.43 0.53 -0.0 0.83 0.0 1.78 -1.56 -0.0 0.0 -0.84 -0.0 -1.74 1.56 0.0
0.0 0.0 1.56 1.43 -0.53 -1.56 -1.43 0.53 -0.0 0.83 0.0 1.78 -1.56 -0.0 0.0 -0.84 -0.0 -1.74 1.56 0.0
0.0 0.0 1.56 1.43 -0.53 -1.56 -1.43 0.53 -0.0 0.83 0.0 1.78 -1.56 -0.0 0.0 -0.84 -0.0 -1.74 1.56 0.0
0.0 0.0 1.56 1.43 -0.53 -1.56 -1.43 0.53 -0.0 0.83 0.0 1.78 -1.56 -0.0 0.0 -0.84 -0.0 -1.74 1.56 0.0
0.0 0.0 1.55 1.43 -0.53 -1.55 -1.43 0.53 -0.0 0.83 0.0 1.78 -1.56 -0.0 0.0 -0.84 -0.0 -1.74 1.56 0.0
0.0 0.0 1.55 1.43 -0.53 -1.55 -1.43 0.53 -0.0 0.83 0.0 1.78 -1.56 -0.0 0.0 -0.84 -0.0 -1.74 1.56 0.0
0.0 0.0 1.55 1.43 -0.53 -1.55 -1.43 0.53 -0.0 0.83 0.0 1.78 -1.56 -0.0 0.0 -0.84 -0.0 -1.74 1.56 0.0
0.0 0.0 1.55 1.43 -0.53 -1.55 -1.43 0.53 -0.0 0.83 0.0 1.78 -1.55 -0.0 0.0 -0.84 -0.0 -1.74 1.55 0.0
0.0 0.0 1.55 1.43 -0.54 -1.55 -1.43 0.54 -0.0 0.83 0.0 1.78 -1.55 -0.0 0.0 -0.84 -0.0 -1.74 1.55 0.0
0.0 0.0 1.55 1.43 -0.54 -1.55 -1.43 0.54 -0.0 0.82 0.0 1.78 -1.55 -0.0 0.0 -0.83 -0.0 -1.74 1.55 0.0
0.0 0.0 1.55 1.43 -0.54 -1.55 -1.43 0.54 -0.0 0.82 0.0 1.78 -1.55 -0.0 0.0 -0.83 -0.0 -1.74 1.55 0.0
0.0 0.0 1.55 1.43 -0.54 -1.55 -1.43 0.54 -0.0 0.82 0.0 1.77 -1.55 -0.0 0.0 -0.83 -0.0 -1.74 1.55 0.0
0.0 0.0 1.55 1.43 -0.54 -1.55 -1.43 0.54 -0.0 0.82 0.0 1.77 -1.55 -0.0 0.0 -0.83 -0.0 -1.73 1.55 0.0
0.0 0.0 1.55 1.43 -0.54 -1.55 -1.43 0.54 -0.0 0.82 0.0 1.77 -1.55 -0.0 0.0 -0.83 -0.0 -1.73 1.55 0.0
0.0 0.0 1.55 1.43 -0.55 -1.55 -1.43 0.55 -0.0 0.82 0.0 1.77 -1.55 -0.0 0.0 -0.83 -0.0 -1.73 1.55 0.0
0.0 0.0 1.55 1.43 -0.55 -1.55 -1.43 0.55 -0.0 0.82 0.0 1.77 -1.55 -0.0 0.0 -0.83 -0.0 -1.73 1.55 0.0
0.0 0.0 1.55 1.43 -0.55 -1.55 -1.43 0.55 -0.0 0.82 0.0 1.77 -1.55 -0.0 0.0 -0.83 -0.0 -1.73 1.55 0.0
0.0 0.0 1.54 1.42 -0.55 -1.54 -1.42 0.55 -0.0 0.81 0.0 1.77 -1.55 -0.0 0.0 -0.82 -0.0 -1.73 1.55 0.0
0.0 0.0 1.54 1.42 -0.55 -1.54 -1.42 0.55 -0.0 0.81 0.0 1.77 -1.55 -0.0 0.0 -0.82 -0.0 -1.73 1.55 0.0
0.0 0.0 1.54 1.42 -0.56 -1.54 -1.42 0.56 -0.0 0.81 0.0 1.77 -1.55 -0.0 0.0 -0.82 -0.0 -1.73 1.55 0.0
0.0 0.0 1.54 1.42 -0.56 -1.54 -1.42 0.56 -0.0 0.81 0.0 1.77 -1.54 -0.0 0.0 -0.82 -0.0 -1.73 1.54 0.0
0.0 0.0 1.54 1.42 -0.56 -1.54 -1.42 0.56 -0.0 0.81 0.0 1.77 -1.54 -0.0 0.0 -0.82 -0.0 -1.73 1.54 0.0
0.0 0.0 1.54 1.42 -0.56 -1.54 -1.42 0.56 -0.0 0.81 0.0 1.77 -1.54 -0.0 0.0 -0.82 -0.0 -1.73 1.54 0.0
0.0 0.0 1.54 1.42 -0.57 -1.54 -1.42 0.57 -0.0 0.81 0.0 1.77 -1.54 -0.0 0.0 -0.82 -0.0 -1.73 1.54 0.0
0.0 0.0 1.54 1.42 -0.57 -1.54 -1.42 0.57 -0.0 0.8 0.0 1.76 -1.54 -0.0 0.0 -0.81 -0.0 -1.73 1.54 0.0
0.0 0.0 1.54 1.42 -0.57 -1.54 -1.42 0.57 -0.0 0.8 0.0 1.76 -1.54 -0.0 0.0 -0.81 -0.0 -1.73 1.54 0.0
0.0 0.0 1.53 1.42 -0.57 -1.53 -1.42 0.57 -0.0 0.8 0.0 1.76 -1.54 -0.0 0.0 -0.81 -0.0 -1.72 1.54 0.0
0.0 0.0 1.53 1.42 -0.57 -1.53 -1.42 0.57 -0.0 0.8 0.0 1.76 -1.54 -0.0 0.0 -0.81 -0.0 -1.72 1.54 0.0
0.0 0.0 1.53 1.42 -0.58 -1.53 -1.42 0.58 -0.0 0.8 0.0 1.76 -1.54 -0.0 0.0 -0.81 -0.0 -1.72 1.54 0.0
0.0 0.0 1.53 1.42 -0.58 -1.53 -1.42 0.58 -0.0 0.8 0.0 1.76 -1.54 -0.0 0.0 -0.81 -0.0 -1.72 1.54 0.0
0.0 0.0 1.53 1.42 -0.58 -1.53 -1.42 0.58 -0.01 0.79 0.0 1.76 -1.53 -0.0 0.01 -0.8 -0.0 -1.72 1.53 0.0
0.0 0.0 1.53 1.42 -0.58 -1.53 -1.42 0.58 -0.01 0.79 0.0 1.76 -1.53 -0.0 0.01 -0.8 -0.0 -1.72 1.53 0.0
0.0 0.0 1.53 1.42 -0.59 -1.53 -1.42 0.59 -0.01 0.79 0.0 1.76 -1.53 -0.0 0.01 -0.8 -0.0 -1.72 1.53 0.0
0.0 0.0 1.53 1.42 -0.59 -1.53 -1.42 0.59 -0.01 0.79 0.0 1.76 -1.53 -0.0 0.01 -0.8 -0.0 -1.72 1.53 0.0
0.0 0.0 1.52 1.42 -0.59 -1.52 -1.42 0.59 -0.01 0.79 0.0 1.76 -1.53 -0.0 0.01 -0.8 -0.0 -1.72 1.53 0.0
0.0 0.0 1.52 1.42 -0.6 -1.52 -1.42 0.6 -0.01 0.79 0.0 1.75 -1.53 -0.0 0.01 -0.8 -0.0 -1.72 1.53 0.0
0.0 0.0 1.52 1.42 -0.6 -1.52 -1.42 0.6 -0.01 0.78 0.0 1.75 -1.53 -0.01 0.01 -0.79 -0.0 -1.72 1.53 0.01
0.0 0.0 1.52 1.42 -0.6 -1.52 -1.42 0.6 -0.01 0.78 0.0 1.75 -1.53 -0.01 0.01 -0.79 -0.0 -1.71 1.53 0.01
0.0 0.0 1.52 1.42 -0.6 -1.52 -1.42 0.6 -0.01 0.78 0.0 1.75 -1.52 -0.01 0.01 -0.79 -0.0 -1.71 1.52 0.01
0.0 0.0 1.52 1.42 -0.61 -1.52 -1.42 0.61 -0.01 0.78 0.0 1.75 -1.52 -0.01 0.01 -0.79 -0.0 -1.71 1.52 0.01
0.0 0.0 1.52 1.42 -0.61 -1.52 -1.42 0.61 -0.01 0.78 0.0 1.75 -1.52 -0.01 0.01 -0.79 -0.0 -1.71 1.52 0.01
0.0 0.0 1.51 1.42 -0.61 -1.51 -1.42 0.61 -0.01 0.77 0.0 1.75 -1.52 -0.01 0.01 -0.78 -0.0 -1.71 1.52 0.01
0.0 0.0 1.51 1.42 -0.62 -1.51 -1.42 0.62 -0.01 0.77 0.0 1.75 -1.52 -0.01 0.01 -0.78 -0.0 -1.71 1.52 0.01
0.0 0.0 1.51 1.42 -0.62 -1.51 -1.42 0.62 -0.01 0.77 0.0 1.75 -1.52 -0.01 0.01 -0.78 -0.0 -1.71 1.52 0.01
0.0 0.0 1.51 1.42 -0.62 -1.51 -1.42 0.62 -0.01 0.77 0.0 1.74 -1.52 -0.01 0.01 -0.78 -0.0 -1.71 1.52 0.01
0.0 0.0 1.51 1.42 -0.63 -1.51 -1.42 0.63 -0.01 0.76 0.0 1.74 -1.51 -0.01 0.01 -0.77 -0.0 -1.71 1.51 0.01
0.0 0.0 1.51 1.42 -0.63 -1.51 -1.42 0.63 -0.01 0.76 0.0 1.74 -1.51 -0.01 0.01 -0.77 -0.0 -1.7 1.51 0.01
0.0 0.0 1.5 1.42 -0.63 -1.5 -1.42 0.63 -0.01 0.76 0.0 1.74 -1.51 -0.01 0.01 -0.77 -0.0 -1.7 1.51 0.01
0.0 0.0 1.5 1.42 -0.64 -1.5 -1.42 0.64 -0.01 0.76 0.0 1.74 -1.51 -0.01 0.01 -0.77 -0.0 -1.7 1.51 0.01
0.0 0.0 1.5 1.42 -0.64 -1.5 -1.42 0.64 -0.01 0.76 0.0 1.74 -1.51 -0.01 0.01 -0.77 -0.0 -1.7 1.51 0.01
0.0 0.0 1.5 1.42 -0.64 -1.5 -1.42 0.64 -0.01 0.75 0.0 1.74 -1.51 -0.01 0.01 -0.76 -0.0 -1.7 1.51 0.01
0.0 0.0 1.5 1.42 -0.65 -1.5 -1.42 0.65 -0.01 0.75 0.0 1.74 -1.51 -0.01 0.01 -0.76 -0.0 -1.7 1.51 0.01
0.0 0.0 1.5 1.42 -0.65 -1.5 -1.42 0.65 -0.01 0.75 0.0 1.73 -1.5 -0.01 0.01 -0.76 -0.0 -1.7 1.5 0.01
0.0 0.0 1.49 1.41 -0.65 -1.49 -1.41 0.65 -0.01 0.75 0.0 1.73 -1.5 -0.01 0.01 -0.76 -0.0 -1.7 1.5 0.01
0.0 0.0 1.49 1.41 -0.66 -1.49 -1.41 0.66 -0.01 0.74 0.0 1.73 -1.5 -0.01 0.01 -0.75 -0.0 -1.69 1.5 0.01
0.0 0.0 1.49 1.41 -0.66 -1.49 -1.41 0.66 -0.01 0.74 0.0 1.73 -1.5 -0.01 0.01 -0.75 -0.0 -1.69 1.5 0.01
0.0 0.0 1.49 1.41 -0.67 -1.49 -1.41 0.67 -0.01 0.74 0.0 1.73 -1.5 -0.01 0.01 -0.75 -0.0 -1.69 1.5 0.01
0.0 0.0 1.49 1.41 -0.67 -1.49 -1.41 0.67 -0.01 0.74 0.0 1.73 -1.5 -0.01 0.01 -0.75 -0.0 -1.69 1.5 0.01
0.0 0.0 1.48 1.41 -0.67 -1.48 -1.41 0.67 -0.01 0.73 0.0 1.73 -1.49 -0.01 0.01 -0.74 -0.0 -1.69 1.49 0.01
0.0 0.0 1.48 1.41 -0.68 -1.48 -1.41 0.68 -0.01 0.73 0.0 1.72 -1.49 -0.01 0.01 -0.74 -0.0 -1.69 1.49 0.01
0.0 0.0 1.48 1.41 -0.68 -1.48 -1.41 0.68 -0.01 0.73 0.0 1.72 -1.49 -0.01 0.01 -0.74 -0.0 -1.69 1.49 0.01
0.0 0.0 1.48 1.41 -0.69 -1.48 -1.41 0.69 -0.01 0.73 0.0 1.72 -1.49 -0.01 0.01 -0.73 -0.0 -1.68 1.49 0.01
0.0 0.0 1.48 1.41 -0.69 -1.48 -1.41 0.69 -0.01 0.72 0.0 1.72 -1.49 -0.01 0.01 -0.73 -0.0 -1.68 1.49 0.01
0.0 0.0 1.47 1.41 -0.69 -1.47 -1.41 0.69 -0.01 0.72 0.0 1.72 -1.49 -0.01 0.01 -0.73 -0.0 -1.68 1.49 0.01
0.0 0.0 1.47 1.41 -0.7 -1.47 -1.41 0.7 -0.01 0.72 0.0 1.72 -1.48 -0.01 0.01 -0.73 -0.0 -1.68 1.48 0.01
0.0 0.0 1.47 1.41 -0.7 -1.47 -1.41 0.7 -0.01 0.71 0.0 1.71 -1.48 -0.01 0.01 -0.72 -0.0 -1.68 1.48 0.01
0.0 0.0 1.47 1.41 -0.71 -1.47 -1.41 0.71 -0.01 0.71 0.0 1.71 -1.48 -0.01 0.01 -0.72 -0.0 -1.68 1.48 0.01
0.0 0.0 1.47 1.41 -0.71 -1.47 -1.41 0.71 -0.01 0.71 0.0 1.71 -1.48 -0.01 0.01 -0.72 -0.0 -1.68 1.48 0.01
0.0 0.0 1.46 1.41 -0.72 -1.46 -1.41 0.72 -0.01 0.7 0.0 1.71 -1.48 -0.01 0.01 -0.71 -0.0 -1.67 1.48 0.01
0.0 0.0 1.46 1.41 -0.72 -1.46 -1.41 0.72 -0.01 0.7 0.0 1.71 -1.47 -0.01 0.01 -0.71 -0.0 -1.67 1.47 0.01
0.0 0.0 1.46 1.41 -0.72 -1.46 -1.41 0.72 -0.01 0.7 0.0 1.71 -1.47 -0.01 0.01 -0.71 -0.0 -1.67 1.47 0.01
0.0 0.0 1.46 1.41 -0.73 -1.46 -1.41 0.73 -0.01 0.7 0.0 1.7 -1.47 -0.01 0.01 -0.7 -0.0 -1.67 1.47 0.01
0.0 0.0 1.45 1.41 -0.73 -1.45 -1.41 0.73 -0.01 0.69 0.0 1.7 -1.47 -0.01 0.01 -0.7 -0.0 -1.67 1.47 0.01
0.0 0.0 1.45 1.41 -0.74 -1.45 -1.41 0.74 -0.01 0.69 0.0 1.7 -1.47 -0.01 0.01 -0.7 -0.0 -1.67 1.47 0.01
0.0 0.0 1.45 1.41 -0.74 -1.45 -1.41 0.74 -0.01 0.69 0.0 1.7 -1.46 -0.01 0.01 -0.7 -0.0 -1.66 1.46 0.01
0.0 0.0 1.45 1.41 -0.75 -1.45 -1.41 0.75 -0.02 0.68 0.0 1.7 -1.46 -0.01 0.02 -0.69 -0.0 -1.66 1.46 0.01
0.0 0.0 1.45 1.41 -0.75 -1.45 -1.41 0.75 -0.02 0.68 0.0 1.7 -1.46 -0.01 0.02 -0.69 -0.0 -1.66 1.46 0.01
0.0 0.0 1.44 1.4 -0.76 -1.44 -1.4 0.76 -0.02 0.68 0.0 1.69 -1.46 -0.01 0.02 -0.69 -0.0 -1.66 1.46 0.01
0.0 0.0 1.44 1.4 -0.76 -1.44 -1.4 0.76 -0.02 0.67 0.0 1.69 -1.46 -0.01 0.02 -0.68 -0.0 -1.66 1.46 0.01
0.0 0.0 1.44 1.4 -0.77 -1.44 -1.4 0.77 -0.02 0.67 0.01 1.69 -1.45 -0.01 0.02 -0.68 -0.01 -1.66 1.45 0.01
0.0 0.0 1.44 1.4 -0.77 -1.44 -1.4 0.77 -0.02 0.67 0.01 1.69 -1.45 -0.01 0.02 -0.68 -0.01 -1.65 1.45 0.01
0.0 0.0 1.43 1.4 -0.78 -1.43 -1.4 0.78 -0.02 0.66 0.01 1.69 -1.45 -0.01 0.02 -0.67 -0.01 -1.65 1.45 0.01
0.0 0.0 1.43 1.4 -0.78 -1.43 -1.4 0.78 -0.02 0.66 0.01 1.69 -1.45 -0.01 0.02 -0.67 -0.01 -1.65 1.45 0.01
0.0 0.0 1.43 1.4 -0.79 -1.43 -1.4 0.79 -0.02 0.66 0.01 1.68 -1.44 -0.01 0.02 -0.67 -0.01 -1.65 1.44 0.01
0.0 0.0 1.43 1.4 -0.79 -1.43 -1.4 0.79 -0.02 0.65 0.01 1.68 -1.44 -0.02 0.02 -0.66 -0.01 -1.65 1.44 0.02
0.0 0.0 1.42 1.4 -0.8 -1.42 -1.4 0.8 -0.02 0.65 0.01 1.68 -1.44 -0.02 0.02 -0.66 -0.01 -1.64 1.44 0.02
0.0 0.0 1.42 1.4 -0.8 -1.42 -1.4 0.8 -0.02 0.65 0.01 1.68 -1.44 -0.02 0.02 -0.65 -0.01 -1.64 1.44 0.02
0.0 0.0 1.42 1.4 -0.81 -1.42 -1.4 0.81 -0.02 0.64 0.01 1.68 -1.44 -0.02 0.02 -0.65 -0.01 -1.64 1.44 0.02
0.0 0.0 1.42 1.4 -0.81 -1.42 -1.4 0.81 -0.02 0.64 0.01 1.67 -1.43 -0.02 0.02 -0.65 -0.01 -1.64 1.43 0.02
0.0 0.0 1.41 1.4 -0.82 -1.41 -1.4 0.82 -0.02 0.64 0.01 1.67 -1.43 -0.02 0.02 -0.64 -0.01 -1.64 1.43 0.02
0.0 0.0 1.41 1.4 -0.82 -1.41 -1.4 0.82 -0.02 0.63 0.01 1.67 -1.43 -0.02 0.02 -0.64 -0.01 -1.64 1.43 0.02
0.0 0.0 1.41 1.4 -0.83 -1.41 -1.4 0.83 -0.02 0.63 0.01 1.67 -1.43 -0.02 0.02 -0.64 -0.01 -1.63 1.43 0.02
0.0 0.0 1.4 1.4 -0.83 -1.4 -1.4 0.83 -0.02 0.62 0.01 1.67 -1.42 -0.02 0.02 -0.63 -0.01 -1.63 1.42 0.02
0.0 0.0 1.4 1.4 -0.84 -1.4 -1.4 0.84 -0.02 0.62 0.01 1.66 -1.42 -0.02 0.02 -0.63 -0.01 -1.63 1.42 0.02
0.0 0.0 1.4 1.4 -0.85 -1.4 -1.4 0.85 -0.02 0.62 0.01 1.66 -1.42 -0.02 0.02 -0.63 -0.01 -1.63 1.42 0.02
0.0 0.0 1.4 1.4 -0.85 -1.4 -1.4 0.85 -0.02 0.61 0.01 1.66 -1.42 -0.02 0.02 -0.62 -0.01 -1.63 1.42 0.02
0.0 0.0 1.39 1.39 -0.86 -1.39 -1.39 0.86 -0.02 0.61 0.01 1.66 -1.41 -0.02 0.02 -0.62 -0.01 -1.62 1.41 0.02
0.0 0.0 1.39 1.39 -0.86 -1.39 -1.39 0.86 -0.02 0.61 0.01 1.65 -1.41 -0.02 0.02 -0.61 -0.01 -1.62 1.41 0.02
0.0 0.0 1.39 1.39 -0.87 -1.39 -1.39 0.87 -0.02 0.6 0.01 1.65 -1.41 -0.02 0.02 -0.61 -0.01 -1.62 1.41 0.02
0.0 0.0 1.38 1.39 -0.87 -1.38 -1.39 0.87 -0.02 0.6 0.01 1.65 -1.41 -0.02 0.02 -0.61 -0.01 -1.62 1.41 0.02
0.0 0.0 1.38 1.39 -0.88 -1.38 -1.39 0.88 -0.02 0.59 0.01 1.65 -1.4 -0.02 0.02 -0.6 -0.01 -1.62 1.4 0.02
0.0 0.0 1.38 1.39 -0.89 -1.38 -1.39 0.89 -0.02 0.59 0.01 1.65 -1.4 -0.02 0.02 -0.6 -0.01 -1.61 1.4 0.02
0.0 0.0 1.38 1.39 -0.89 -1.38 -1.39 0.89 -0.02 0.59 0.01 1.64 -1.4 -0.02 0.02 -0.59 -0.01 -1.61 1.4 0.02
0.0 0.0 1.37 1.39 -0.9 -1.37 -1.39 0.9 -0.02 0.58 0.01 1.64 -1.4 -0.02 0.02 -0.59 -0.01 -1.61 1.4 0.02
0.0 0.0 1.37 1.39 -0.9 -1.37 -1.39 0.9 -0.02 0.58 0.01 1.64 -1.39 -0.02 0.02 -0.59 -0.01 -1.61 1.39 0.02
0.0 0.0 1.37 1.39 -0.91 -1.37 -1.39 0.91 -0.03 0.57 0.01 1.64 -1.39 -0.02 0.03 -0.58 -0.01 -1.6 1.39 0.02
0.0 0.0 1.36 1.39 -0.92 -1.36 -1.39 0.92 -0.03 0.57 0.01 1.63 -1.39 -0.02 0.03 -0.58 -0.01 -1.6 1.39 0.02
0.0 0.0 1.36 1.39 -0.92 -1.36 -1.39 0.92 -0.03 0.57 0.01 1.63 -1.38 -0.02 0.03 -0.57 -0.01 -1.6 1.38 0.02
0.0 0.0 1.36 1.39 -0.93 -1.36 -1.39 0.93 -0.03 0.56 0.01 1.63 -1.38 -0.02 0.03 -0.57 -0.01 -1.6 1.38 0.02
0.0 0.0 1.35 1.39 -0.93 -1.35 -1.39 0.93 -0.03 0.56 0.01 1.63 -1.38 -0.02 0.03 -0.56 -0.01 -1.6 1.38 0.02
0.0 0.0 1.35 1.39 -0.94 -1.35 -1.39 0.94 -0.03 0.55 0.01 1.63 -1.38 -0.02 0.03 -0.56 -0.01 -1.59 1.38 0.02
0.0 0.0 1.35 1.39 -0.95 -1.35 -1.39 0.95 -0.03 0.55 0.01 1.62 -1.37 -0.02 0.03 -0.56 -0.01 -1.59 1.37 0.02
0.0 0.0 1.35 1.39 -0.95 -1.35 -1.39 0.95 -0.03 0.54 0.01 1.62 -1.37 -0.02 0.03 -0.55 -0.01 -1.59 1.37 0.02
0.0 0.0 1.34 1.38 -0.96 -1.34 -1.38 0.96 -0.03 0.54 0.01 1.62 -1.37 -0.02 0.03 -0.55 -0.01 -1.59 1.37 0.02
0.0 0.0 1.34 1.38 -0.97 -1.34 -1.38 0.97 -0.03 0.54 0.01 1.62 -1.37 -0.02 0.03 -0.54 -0.01 -1.59 1.37 0.02
0.0 0.0 1.34 1.38 -0.97 -1.34 -1.38 0.97 -0.03 0.53 0.01 1.61 -1.36 -0.02 0.03 -0.54 -0.01 -1.58 1.36 0.02
0.0 0.0 1.33 1.38 -0.98 -1.33 -1.38 0.98 -0.03 0.53 0.01 1.61 -1.36 -0.02 0.03 -0.53 -0.01 -1.58 1.36 0.02
0.0 0.0 1.33 1.38 -0.99 -1.33 -1.38 0.99 -0.03 0.52 0.01 1.61 -1.36 -0.03 0.03 -0.53 -0.01 -1.58 1.36 0.03
0.0 0.0 1.33 1.38 -0.99 -1.33 -1.38 0.99 -0.03 0.52 0.01 1.61 -1.35 -0.03 0.03 -0.53 -0.01 -1.58 1.35 0.03
0.0 0.0 1.32 1.38 -1.0 -1.32 -1.38 1.0 -0.03 0.51 0.01 1.6 -1.35 -0.03 0.03 -0.52 -0.01 -1.57 1.35 0.03
0.0 0.0 1.32 1.38 -1.01 -1.32 -1.38 1.01 -0.03 0.51 0.01 1.6 -1.35 -0.03 0.03 -0.52 -0.01 -1.57 1.35 0.03
0.0 0.0 1.32 1.38 -1.01 -1.32 -1.38 1.01 -0.03 0.5 0.01 1.6 -1.35 -0.03 0.03 -0.51 -0.01 -1.57 1.35 0.03
0.0 0.0 1.31 1.38 -1.02 -1.31 -1.38 1.02 -0.03 0.5 0.01 1.6 -1.34 -0.03 0.03 -0.51 -0.01 -1.57 1.34 0.03
0.0 0.0 1.31 1.38 -1.03 -1.31 -1.38 1.03 -0.03 0.5 0.01 1.59 -1.34 -0.03 0.03 -0.5 -0.01 -1.56 1.34 0.03
0.0 0.0 1.31 1.38 -1.03 -1.31 -1.38 1.03 -0.03 0.49 0.01 1.59 -1.34 -0.03 0.03 -0.5 -0.01 -1.56 1.34 0.03
0.0 0.0 1.3 1.38 -1.04 -1.3 -1.38 1.04 -0.03 0.49 0.01 1.59 -1.33 -0.03 0.03 -0.49 -0.01 -1.56 1.33 0.03
0.0 0.0 1.3 1.38 -1.05 -1.3 -1.38 1.05 -0.03 0.48 0.01 1.59 -1.33 -0.03 0.03 -0.49 -0.01 -1.56 1.33 0.03
0.0 0.0 1.3 1.38 -1.05 -1.3 -1.38 1.05 -0.03 0.48 0.01 1.58 -1.33 -0.03 0.03 -0.48 -0.01 -1.55 1.33 0.03
0.0 0.0 1.29 1.37 -1.06 -1.29 -1.37 1.06 -0.03 0.47 0.01 1.58 -1.32 -0.03 0.03 -0.48 -0.01 -1.55 1.32 0.03
0.0 0.0 1.29 1.37 -1.07 -1.29 -1.37 1.07 -0.03 0.47 0.01 1.58 -1.32 -0.03 0.03 -0.48 -0.01 -1.55 1.32 0.03
0.0 0.0 1.29 1.37 -1.07 -1.29 -1.37 1.07 -0.04 0.46 0.01 1.58 -1.32 -0.03 0.04 -0.47 -0.01 -1.55 1.32 0.03
0.0 0.0 1.28 1.37 -1.08 -1.28 -1.37 1.08 -0.04 0.46 0.01 1.57 -1.32 -0.03 0.04 -0.47 -0.01 -1.54 1.32 0.03
0.0 0.0 1.28 1.37 -1.09 -1.28 -1.37 1.09 -0.04 0.45 0.01 1.57 -1.31 -0.03 0.04 -0.46 -0.01 -1.54 1.31 0.03
0.0 0.0 1.28 1.37 -1.09 -1.28 -1.37 1.09 -0.04 0.45 0.01 1.57 -1.31 -0.03 0.04 -0.46 -0.01 -1.54 1.31 0.03
0.0 0.0 1.27 1.37 -1.1 -1.27 -1.37 1.1 -0.04 0.44 0.01 1.57 -1.31 -0.03 0.04 -0.45 -0.01 -1.54 1.31 0.03
0.0 0.0 1.27 1.37 -1.11 -1.27 -1.37 1.11 -0.04 0.44 0.01 1.56 -1.3 -0.03 0.04 -0.45 -0.01 -1.53 1.3 0.03
0.0 0.0 1.27 1.37 -1.12 -1.27 -1.37 1.12 -0.04 0.44 0.01 1.56 -1.3 -0.03 0.04 -0.44 -0.01 -1.53 1.3 0.03
0.0 0.0 1.26 1.37 -1.12 -1.26 -1.37 1.12 -0.04 0.43 0.01 1.56 -1.3 -0.03 0.04 -0.44 -0.01 -1.53 1.3 0.03
0.0 0.0 1.26 1.37 -1.13 -1.26 -1.37 1.13 -0.04 0.43 0.01 1.56 -1.29 -0.03 0.04 -0.43 -0.01 -1.53 1.29 0.03
0.0 0.0 1.25 1.37 -1.14 -1.25 -1.37 1.14 -0.04 0.42 0.01 1.55 -1.29 -0.03 0.04 -0.43 -0.01 -1.52 1.29 0.03
0.0 0.0 1.25 1.37 -1.14 -1.25 -1.37 1.14 -0.04 0.42 0.01 1.55 -1.29 -0.03 0.04 -0.42 -0.01 -1.52 1.29 0.03
0.0 0.0 1.25 1.37 -1.15 -1.25 -1.37 1.15 -0.04 0.41 0.01 1.55 -1.28 -0.03 0.04 -0.42 -0.01 -1.52 1.28 0.03
0.0 0.0 1.24 1.36 -1.16 -1.24 -1.36 1.16 -0.04 0.41 0.01 1.54 -1.28 -0.03 0.04 -0.41 -0.01 -1.52 1.28 0.03
0.0 0.0 1.24 1.36 -1.17 -1.24 -1.36 1.17 -0.04 0.4 0.01 1.54 -1.28 -0.03 0.04 -0.41 -0.01 -1.51 1.28 0.03
0.0 0.0 1.24 1.36 -1.17 -1.24 -1.36 1.17 -0.04 0.4 0.01 1.54 -1.27 -0.03 0.04 -0.4 -0.01 -1.51 1.27 0.03
0.0 0.0 1.23 1.36 -1.18 -1.23 -1.36 1.18 -0.04 0.39 0.01 1.54 -1.27 -0.04 0.04 -0.4 -0.01 -1.51 1.27 0.04
0.0 0.0 1.23 1.36 -1.19 -1.23 -1.36 1.19 -0.04 0.39 0.01 1.53 -1.27 -0.04 0.04 -0.39 -0.01 -1.51 1.27 0.04
0.0 0.0 1.23 1.36 -1.2 -1.23 -1.36 1.2 -0.04 0.38 0.01 1.53 -1.27 -0.04 0.04 -0.39 -0.01 -1.5 1.27 0.04
0.0 0.0 1.22 1.36 -1.2 -1.22 -1.36 1.2 -0.04 0.38 0.01 1.53 -1.26 -0.04 0.04 -0.38 -0.01 -1.5 1.26 0.04
0.0 0.0 1.22 1.36 -1.21 -1.22 -1.36 1.21 -0.04 0.37 0.01 1.53 -1.26 -0.04 0.04 -0.38 -0.01 -1.5 1.26 0.04
0.0 0.0 1.21 1.36 -1.22 -1.21 -1.36 1.22 -0.04 0.37 0.01 1.52 -1.26 -0.04 0.04 -0.37 -0.01 -1.5 1.26 0.04
0.0 0.0 1.21 1.36 -1.22 -1.21 -1.36 1.22 -0.04 0.36 0.01 1.52 -1.25 -0.04 0.04 -0.37 -0.01 -1.49 1.25 0.04
0.0 0.0 1.21 1.36 -1.23 -1.21 -1.36 1.23 -0.04 0.36 0.01 1.52 -1.25 -0.04 0.04 -0.36 -0.01 -1.49 1.25 0.04
0.0 0.0 1.2 1.36 -1.24 -1.2 -1.36 1.24 -0.05 0.35 0.01 1.51 -1.25 -0.04 0.05 -0.36 -0.01 -1.49 1.25 0.04
0.0 0.0 1.2 1.36 -1.25 -1.2 -1.36 1.25 -0.05 0.35 0.01 1.51 -1.24 -0.04 0.05 -0.35 -0.01 -1.49 1.24 0.04
0.0 0.0 1.2 1.36 -1.25 -1.2 -1.36 1.25 -0.05 0.34 0.01 1.51 -1.24 -0.04 0.05 -0.35 -0.01 -1.48 1.24 0.04
0.0 0.0 1.19 1.35 -1.26 -1.19 -1.35 1.26 -0.05 0.34 0.01 1.51 -1.24 -0.04 0.05 -0.34 -0.01 -1.48 1.24 0.04
0.0 0.0 1.19 1.35 -1.27 -1.19 -1.35 1.27 -0.05 0.33 0.01 1.5 -1.23 -0.04 0.05 -0.34 -0.01 -1.48 1.23 0.04
0.0 0.0 1.18 1.35 -1.28 -1.18 -1.35 1.28 -0.05 0.33 0.01 1.5 -1.23 -0.04 0.05 -0.33 -0.01 -1.47 1.23 0.04
0.0 0.0 1.18 1.35 -1.29 -1.18 -1.35 1.29 -0.05 0.32 0.01 1.5 -1.23 -0.04 0.05 -0.33 -0.01 -1.47 1.23 0.04
0.0 0.0 1.18 1.35 -1.29 -1.18 -1.35 1.29 -0.05 0.32 0.01 1.49 -1.22 -0.04 0.05 -0.32 -0.01 -1.47 1.22 0.04
0.0 0.0 1.17 1.35 -1.3 -1.17 -1.35 1.3 -0.05 0.31 0.02 1.49 -1.22 -0.04 0.05 -0.32 -0.02 -1.47 1.22 0.04
0.0 0.0 1.17 1.35 -1.31 -1.17 -1.35 1.31 -0.05 0.3 0.02 1.49 -1.22 -0.04 0.05 -0.31 -0.02 -1.46 1.22 0.04
0.0 0.0 1.17 1.35 -1.32 -1.17 -1.35 1.32 -0.05 0.3 0.02 1.49 -1.21 -0.04 0.05 -0.31 -0.02 -1.46 1.21 0.04
0.0 0.0 1.16 1.35 -1.32 -1.16 -1.35 1.32 -0.05 0.29 0.02 1.48 -1.21 -0.04 0.05 -0.3 -0.02 -1.46 1.21 0.04
0.0 0.0 1.16 1.35 -1.33 -1.16 -1.35 1.33 -0.05 0.29 0.02 1.48 -1.21 -0.04 0.05 -0.3 -0.02 -1.46 1.21 0.04
0.0 0.0 1.15 1.35 -1.34 -1.15 -1.35 1.34 -0.05 0.28 0.02 1.48 -1.2 -0.04 0.05 -0.29 -0.02 -1.45 1.2 0.04
0.0 0.0 1.15 1.35 -1.35 -1.15 -1.35 1.35 -0.05 0.28 0.02 1.47 -1.2 -0.04 0.05 -0.28 -0.02 -1.45 1.2 0.04
0.0 0.0 1.15 1.35 -1.35 -1.15 -1.35 1.35 -0.05 0.27 0.02 1.47 -1.2 -0.04 0.05 -0.28 -0.02 -1.45 1.2 0.04
0.0 0.0 1.14 1.34 -1.36 -1.14 -1.34 1.36 -0.05 0.27 0.02 1.47 -1.19 -0.04 0.05 -0.27 -0.02 -1.44 1.19 0.04
0.0 0.0 1.14 1.34 -1.37 -1.14 -1.34 1.37 -0.05 0.26 0.02 1.47 -1.19 -0.05 0.05 -0.27 -0.02 -1.44 1.19 0.05
0.0 0.0 1.14 1.34 -1.38 -1.14 -1.34 1.38 -0.05 0.26 0.02 1.46 -1.18 -0.05 0.05 -0.26 -0.02 -1.44 1.18 0.05
0.0 0.0 1.13 1.34 -1.39 -1.13 -1.34 1.39 -0.05 0.25 0.02 1.46 -1.18 -0.05 0.05 -0.26 -0.02 -1.44 1.18 0.05
0.0 0.0 1.13 1.34 -1.39 -1.13 -1.34 1.39 -0.05 0.25 0.02 1.46 -1.18 -0.05 0.05 -0.25 -0.02 -1.43 1.18 0.05
0.0 0.0 1.12 1.34 -1.4 -1.12 -1.34 1.4 -0.06 0.24 0.02 1.45 -1.17 -0.05 0.06 -0.25 -0.02 -1.43 1.17 0.05
0.0 0.0 1.12 1.34 -1.41 -1.12 -1.34 1.41 -0.06 0.24 0.02 1.45 -1.17 -0.05 0.06 -0.24 -0.02 -1.43 1.17 0.05
0.0 0.0 1.12 1.34 -1.42 -1.12 -1.34 1.42 -0.06 0.23 0.02 1.45 -1.17 -0.05 0.06 -0.24 -0.02 -1.43 1.17 0.05
0.0 0.0 1.11 1.34 -1.43 -1.11 -1.34 1.43 -0.06 0.23 0.02 1.45 -1.16 -0.05 0.06 -0.23 -0.02 -1.42 1.16 0.05
0.0 0.0 1.11 1.34 -1.43 -1.11 -1.34 1.43 -0.06 0.22 0.02 1.44 -1.16 -0.05 0.06 -0.23 -0.02 -1.42 1.16 0.05
0.0 0.0 1.1 1.34 -1.44 -1.1 -1.34 1.44 -0.06 0.22 0.02 1.44 -1.16 -0.05 0.06 -0.22 -0.02 -1.42 1.16 0.05
0.0 0.0 1.1 1.34 -1.45 -1.1 -1.34 1.45 -0.06 0.21 0.02 1.44 -1.15 -0.05 0.06 -0.22 -0.02 -1.41 1.15 0.05
0.0 0.0 1.1 1.34 -1.46 -1.1 -1.34 1.46 -0.06 0.2 0.02 1.43 -1.15 -0.05 0.06 -0.21 -0.02 -1.41 1.15 0.05
0.0 0.0 1.09 1.33 -1.46 -1.09 -1.33 1.46 -0.06 0.2 0.02 1.43 -1.15 -0.05 0.06 -0.2 -0.02 -1.41 1.15 0.05
0.0 0.0 1.09 1.33 -1.47 -1.09 -1.33 1.47 -0.06 0.19 0.02 1.43 -1.14 -0.05 0.06 -0.2 -0.02 -1.41 1.14 0.05
0.0 0.0 1.08 1.33 -1.48 -1.08 -1.33 1.48 -0.06 0.19 0.02 1.42 -1.14 -0.05 0.06 -0.19 -0.02 -1.4 1.14 0.05
0.0 0.0 1.08 1.33 -1.49 -1.08 -1.33 1.49 -0.06 0.18 0.02 1.42 -1.14 -0.05 0.06 -0.19 -0.02 -1.4 1.14 0.05
0.0 0.0 1.08 1.33 -1.5 -1.08 -1.33 1.5 -0.06 0.18 0.02 1.42 -1.13 -0.05 0.06 -0.18 -0.02 -1.4 1.13 0.05
0.0 0.0 1.07 1.33 -1.5 -1.07 -1.33 1.5 -0.06 0.17 0.02 1.42 -1.13 -0.05 0.06 -0.18 -0.02 -1.39 1.13 0.05
0.0 0.0 1.07 1.33 -1.51 -1.07 -1.33 1.51 -0.06 0.17 0.02 1.41 -1.13 -0.05 0.06 -0.17 -0.02 -1.39 1.13 0.05
0.0 0.0 1.06 1.33 -1.52 -1.06 -1.33 1.52 -0.06 0.16 0.02 1.41 -1.12 -0.05 0.06 -0.17 -0.02 -1.39 1.12 0.05
0.0 0.0 1.06 1.33 -1.53 -1.06 -1.33 1.53 -0.06 0.16 0.02 1.41 -1.12 -0.05 0.06 -0.16 -0.02 -1.39 1.12 0.05
0.0 0.0 1.06 1.33 -1.54 -1.06 -1.33 1.54 -0.06 0.15 0.02 1.4 -1.12 -0.05 0.06 -0.16 -0.02 -1.38 1.12 0.05
0.0 0.0 1.05 1.33 -1.54 -1.05 -1.33 1.54 -0.06 0.15 0.02 1.4 -1.11 -0.05 0.06 -0.15 -0.02 -1.38 1.11 0.05
0.0 0.0 1.05 1.33 -1.55 -1.05 -1.33 1.55 -0.06 0.14 0.02 1.4 -1.11 -0.05 0.06 -0.15 -0.02 -1.38 1.11 0.05
0.0 0.0 1.04 1.32 -1.56 -1.04 -1.32 1.56 -0.06 0.14 0.02 1.4 -1.1 -0.06 0.06 -0.14 -0.02 -1.38 1.1 0.06
0.0 0.0 1.04 1.32 -1.57 -1.04 -1.32 1.57 -0.07 0.13 0.02 1.39 -1.1 -0.06 0.07 -0.13 -0.02 -1.37 1.1 0.06
0.0 0.0 1.04 1.32 -1.58 -1.04 -1.32 1.58 -0.07 0.12 0.02 1.39 -1.1 -0.06 0.07 -0.13 -0.02 -1.37 1.1 0.06
0.0 0.0 1.03 1.32 -1.58 -1.03 -1.32 1.58 -0.07 0.12 0.02 1.39 -1.09 -0.06 0.07 -0.12 -0.02 -1.37 1.09 0.06
0.0 0.0 1.03 1.32 -1.59 -1.03 -1.32 1.59 -0.07 0.11 0.02 1.38 -1.09 -0.06 0.07 -0.12 -0.02 -1.36 1.09 0.06
0.0 0.0 1.03 1.32 -1.6 -1.03 -1.32 1.6 -0.07 0.11 0.02 1.38 -1.09 -0.06 0.07 -0.11 -0.02 -1.36 1.09 0.06
0.0 0.0 1.02 1.32 -1.61 -1.02 -1.32 1.61 -0.07 0.1 0.02 1.38 -1.08 -0.06 0.07 -0.11 -0.02 -1.36 1.08 0.06
0.0 0.0 1.02 1.32 -1.62 -1.02 -1.32 1.62 -0.07 0.1 0.02 1.37 -1.08 -0.06 0.07 -0.1 -0.02 -1.36 1.08 0.06
0.0 0.0 1.01 1.32 -1.62 -1.01 -1.32 1.62 -0.07 0.09 0.02 1.37 -1.08 -0.06 0.07 -0.1 -0.02 -1.35 1.08 0.06
0.0 0.0 1.01 1.32 -1.63 -1.01 -1.32 1.63 -0.07 0.09 0.02 1.37 -1.07 -0.06 0.07 -0.09 -0.02 -1.35 1.07 0.06
0.0 0.0 1.01 1.32 -1.64 -1.01 -1.32 1.64 -0.07 0.08 0.02 1.37 -1.07 -0.06 0.07 -0.09 -0.02 -1.35 1.07 0.06
0.0 0.0 1.0 1.32 -1.65 -1.0 -1.32 1.65 -0.07 0.08 0.02 1.36 -1.07 -0.06 0.07 -0.08 -0.02 -1.34 1.07 0.06
0.0 0.0 1.0 1.32 -1.66 -1.0 -1.32 1.66 -0.07 0.07 0.02 1.36 -1.06 -0.06 0.07 -0.08 -0.02 -1.34 1.06 0.06
0.0 0.0 0.99 1.31 -1.66 -0.99 -1.31 1.66 -0.07 0.07 0.02 1.36 -1.06 -0.06 0.07 -0.07 -0.02 -1.34 1.06 0.06
0.0 0.0 0.99 1.31 -1.67 -0.99 -1.31 1.67 -0.07 0.06 0.02 1.35 -1.06 -0.06 0.07 -0.06 -0.02 -1.34 1.06 0.06
0.0 0.0 0.99 1.31 -1.68 -0.99 -1.31 1.68 -0.07 0.05 0.02 1.35 -1.05 -0.06 0.07 -0.06 -0.02 -1.33 1.05 0.06
0.0 0.0 0.98 1.31 -1.69 -0.98 -1.31 1.69 -0.07 0.05 0.02 1.35 -1.05 -0.06 0.07 -0.05 -0.02 -1.33 1.05 0.06
0.0 0.0 0.98 1.31 -1.69 -0.98 -1.31 1.69 -0.07 0.04 0.02 1.34 -1.05 -0.06 0.07 -0.05 -0.02 -1.33 1.05 0.06
0.0 0.0 0.97 1.31 -1.7 -0.97 -1.31 1.7 -0.07 0.04 0.02 1.34 -1.04 -0.06 0.07 -0.04 -0.02 -1.32 1.04 0.06
0.0 0.0 0.97 1.31 -1.71 -0.97 -1.31 1.71 -0.07 0.03 0.02 1.34 -1.04 -0.06 0.07 -0.04 -0.02 -1.32 1.04 0.06
0.0 0.0 0.97 1.31 -1.72 -0.97 -1.31 1.72 -0.07 0.03 0.02 1.34 -1.04 -0.06 0.07 -0.03 -0.02 -1.32 1.04 0.06
0.0 0.0 0.96 1.31 -1.73 -0.96 -1.31 1.73 -0.08 0.02 0.02 1.33 -1.03 -0.06 0.08 -0.03 -0.02 -1.32 1.03 0.06
0.0 0.0 0.96 1.31 -1.73 -0.96 -1.31 1.73 -0.08 0.02 0.02 1.33 -1.03 -0.06 0.08 -0.02 -0.02 -1.31 1.03 0.06
0.0 0.0 0.95 1.31 -1.74 -0.95 -1.31 1.74 -0.08 0.01 0.02 1.33 -1.03 -0.06 0.08 -0.02 -0.02 -1.31 1.03 0.06
0.0 0.0 0.95 1.31 -1.75 -0.95 -1.31 1.75 -0.08 0.01 0.02 1.32 -1.02 -0.06 0.08 -0.01 -0.02 -1.31 1.02 0.06
0.0 0.0 0.95 1.31 -1.76 -0.95 -1.31 1.76 -0.08 0.0 0.02 1.32 -1.02 -0.07 0.08 -0.01 -0.02 -1.31 1.02 0.07
0.0 0.0 0.94 1.3 -1.77 -0.94 -1.3 1.77 -0.08 -0.0 0.02 1.32 -1.01 -0.07 0.08 -0.0 -0.02 -1.3 1.01 0.07
0.0 0.0 0.94 1.3 -1.77 -0.94 -1.3 1.77 -0.08 -0.01 0.02 1.32 -1.01 -0.07 0.08 0.0 -0.02 -1.3 1.01 0.07
0.0 0.0 0.94 1.3 -1.78 -0.94 -1.3 1.78 -0.08 -0.01 0.02 1.31 -1.01 -0.07 0.08 0.01 -0.02 -1.3 1.01 0.07
0.0 0.0 0.93 1.3 -1.79 -0.93 -1.3 1.79 -0.08 -0.02 0.02 1.31 -1.0 -0.07 0.08 0.02 -0.02 -1.29 1.0 0.07
0.0 0.0 0.93 1.3 -1.8 -0.93 -1.3 1.8 -0.08 -0.02 0.02 1.31 -1.0 -0.07 0.08 0.02 -0.02 -1.29 1.0 0.07
0.0 0.0 0.92 1.3 -1.8 -0.92 -1.3 1.8 -0.08 -0.03 0.02 1.3 -1.0 -0.07 0.08 0.03 -0.02 -1.29 1.0 0.07
0.0 0.0 0.92 1.3 -1.81 -0.92 -1.3 1.81 -0.08 -0.03 0.02 1.3 -0.99 -0.07 0.08 0.03 -0.02 -1.29 0.99 0.07
0.0 0.0 0.92 1.3 -1.82 -0.92 -1.3 1.82 -0.08 -0.04 0.02 1.3 -0.99 -0.07 0.08 0.04 -0.02 -1.28 0.99 0.07
0.0 0.0 0.91 1.3 -1.83 -0.91 -1.3 1.83 -0.08 -0.05 0.03 1.3 -0.99 -0.07 0.08 0.04 -0.03 -1.28 0.99 0.07
0.0 0.0 0.91 1.3 -1.83 -0.91 -1.3 1.83 -0.08 -0.05 0.03 1.29 -0.98 -0.07 0.08 0.05 -0.03 -1.28 0.98 0.07
0.0 0.0 0.91 1.3 -1.84 -0.91 -1.3 1.84 -0.08 -0.06 0.03 1.29 -0.98 -0.07 0.08 0.05 -0.03 -1.28 0.98 0.07
0.0 0.0 0.9 1.3 -1.85 -0.9 -1.3 1.85 -0.08 -0.06 0.03 1.29 -0.98 -0.07 0.08 0.06 -0.03 -1.27 0.98 0.07
0.0 0.0 0.9 1.3 -1.86 -0.9 -1.3 1.86 -0.08 -0.07 0.03 1.28 -0.97 -0.07 0.08 0.06 -0.03 -1.27 0.97 0.07
0.0 0.0 0.89 1.29 -1.87 -0.89 -1.29 1.87 -0.08 -0.07 0.03 1.28 -0.97 -0.07 0.08 0.07 -0.03 -1.27 0.97 0.07
0.0 0.0 0.89 1.29 -1.87 -0.89 -1.29 1.87 -0.08 -0.08 0.03 1.28 -0.97 -0.07 0.08 0.07 -0.03 -1.26 0.97 0.07
0.0 0.0 0.89 1.29 -1.88 -0.89 -1.29 1.88 -0.08 -0.08 0.03 1.28 -0.96 -0.07 0.08 0.08 -0.03 -1.26 0.96 0.07
0.0 0.0 0.88 1.29 -1.89 -0.88 -1.29 1.89 -0.09 -0.09 0.03 1.27 -0.96 -0.07 0.09 0.08 -0.03 -1.26 0.96 0.07
0.0 0.0 0.88 1.29 -1.9 -0.88 -1.29 1.9 -0.09 -0.09 0.03 1.27 -0.96 -0.07 0.09 0.09 -0.03 -1.26 0.96 0.07
0.0 0.0 0.88 1.29 -1.9 -0.88 -1.29 1.9 -0.09 -0.1 0.03 1.27 -0.95 -0.07 0.09 0.09 -0.03 -1.25 0.95 0.07
0.0 0.0 0.87 1.29 -1.91 -0.87 -1.29 1.91 -0.09 -0.1 0.03 1.26 -0.95 -0.07 0.09 0.1 -0.03 -1.25 0.95 0.07
0.0 0.0 0.87 1.29 -1.92 -0.87 -1.29 1.92 -0.09 -0.11 0.03 1.26 -0.95 -0.07 0.09 0.1 -0.03 -1.25 0.95 0.07
0.0 0.0 0.86 1.29 -1.92 -0.86 -1.29 1.92 -0.09 -0.11 0.03 1.26 -0.94 -0.07 0.09 0.11 -0.03 -1.25 0.94 0.07
0.0 0.0 0.86 1.29 -1.93 -0.86 -1.29 1.93 -0.09 -0.12 0.03 1.26 -0.94 -0.07 0.09 0.11 -0.03 -1.24 0.94 0.07
0.0 0.0 0.86 1.29 -1.94 -0.86 -1.29 1.94 -0.09 -0.12 0.03 1.25 -0.94 -0.07 0.09 0.12 -0.03 -1.24 0.94 0.07
0.0 0.0 0.85 1.29 -1.95 -0.85 -1.29 1.95 -0.09 -0.13 0.03 1.25 -0.94 -0.08 0.09 0.12 -0.03 -1.24 0.94 0.08
0.0 0.0 0.85 1.29 -1.95 -0.85 -1.29 1.95 -0.09 -0.13 0.03 1.25 -0.93 -0.08 0.09 0.13 -0.03 -1.24 0.93 0.08
0.0 0.0 0.85 1.29 -1.96 -0.85 -1.29 1.96 -0.09 -0.14 0.03 1.25 -0.93 -0.08 0.09 0.13 -0.03 -1.23 0.93 0.08
0.0 0.0 0.84 1.28 -1.97 -0.84 -1.28 1.97 -0.09 -0.14 0.03 1.24 -0.93 -0.08 0.09 0.14 -0.03 -1.23 0.93 0.08
0.0 0.0 0.84 1.28 -1.98 -0.84 -1.28 1.98 -0.09 -0.15 0.03 1.24 -0.92 -0.08 0.09 0.14 -0.03 -1.23 0.92 0.08
0.0 0.0 0.84 1.28 -1.98 -0.84 -1.28 1.98 -0.09 -0.15 0.03 1.24 -0.92 -0.08 0.09 0.15 -0.03 -1.23 0.92 0.08
0.0 0.0 0.83 1.28 -1.99 -0.83 -1.28 1.99 -0.09 -0.16 0.03 1.23 -0.92 -0.08 0.09 0.15 -0.03 -1.22 0.92 0.08
0.0 0.0 0.83 1.28 -2.0 -0.83 -1.28 2.0 -0.09 -0.16 0.03 1.23 -0.91 -0.08 0.09 0.16 -0.03 -1.22 0.91 0.08
0.0 0.0 0.82 1.28 -2.0 -0.82 -1.28 2.0 -0.09 -0.17 0.03 1.23 -0.91 -0.08 0.09 0.16 -0.03 -1.22 0.91 0.08
0.0 0.0 0.82 1.28 -2.01 -0.82 -1.28 2.01 -0.09 -0.17 0.03 1.23 -0.91 -0.08 0.09 0.17 -0.03 -1.22 0.91 0.08
0.0 0.0 0.82 1.28 -2.02 -0.82 -1.28 2.02 -0.09 -0.17 0.03 1.22 -0.9 -0.08 0.09 0.17 -0.03 -1.21 0.9 0.08
0.0 0.0 0.81 1.28 -2.03 -0.81 -1.28 2.03 -0.09 -0.18 0.03 1.22 -0.9 -0.08 0.09 0.18 -0.03 -1.21 0.9 0.08
0.0 0.0 0.81 1.28 -2.03 -0.81 -1.28 2.03 -0.09 -0.18 0.03 1.22 -0.9 -0.08 0.09 0.18 -0.03 -1.21 0.9 0.08
0.0 0.0 0.81 1.28 -2.04 -0.81 -1.28 2.04 -0.09 -0.19 0.03 1.22 -0.89 -0.08 0.09 0.19 -0.03 -1.21 0.89 0.08
0.0 0.0 0.8 1.28 -2.05 -0.8 -1.28 2.05 -0.09 -0.19 0.03 1.21 -0.89 -0.08 0.09 0.19 -0.03 -1.2 0.89 0.08
0.0 0.0 0.8 1.28 -2.05 -0.8 -1.28 2.05 -0.1 -0.2 0.03 1.21 -0.89 -0.08 0.1 0.2 -0.03 -1.2 0.89 0.08
0.0 0.0 0.8 1.28 -2.06 -0.8 -1.28 2.06 -0.1 -0.2 0.03 1.21 -0.89 -0.08 0.1 0.2 -0.03 -1.2 0.89 0.08
0.0 0.0 0.79 1.27 -2.07 -0.79 -1.27 2.07 -0.1 -0.21 0.03 1.21 -0.88 -0.08 0.1 0.2 -0.03 -1.2 0.88 0.08
0.0 0.0 0.79 1.27 -2.07 -0.79 -1.27 2.07 -0.1 -0.21 0.03 1.2 -0.88 -0.08 0.1 0.21 -0.03 -1.19 0.88 0.08
0.0 0.0 0.79 1.27 -2.08 -0.79 -1.27 2.08 -0.1 -0.22 0.03 1.2 -0.88 -0.08 0.1 0.21 -0.03 -1.19 0.88 0.08
0.0 0.0 0.78 1.27 -2.09 -0.78 -1.27 2.09 -0.1 -0.22 0.03 1.2 -0.87 -0.08 0.1 0.22 -0.03 -1.19 0.87 0.08
0.0 0.0 0.78 1.27 -2.09 -0.78 -1.27 2.09 -0.1 -0.23 0.03 1.2 -0.87 -0.08 0.1 0.22 -0.03 -1.19 0.87 0.08
0.0 0.0 0.78 1.27 -2.1 -0.78 -1.27 2.1 -0.1 -0.23 0.03 1.19 -0.87 -0.08 0.1 0.23 -0.03 -1.18 0.87 0.08
0.0 0.0 0.77 1.27 -2.11 -0.77 -1.27 2.11 -0.1 -0.23 0.03 1.19 -0.86 -0.08 0.1 0.23 -0.03 -1.18 0.86 0.08
0.0 0.0 0.77 1.27 -2.11 -0.77 -1.27 2.11 -0.1 -0.24 0.03 1.19 -0.86 -0.08 0.1 0.24 -0.03 -1.18 0.86 0.08
0.0 0.0 0.77 1.27 -2.12 -0.77 -1.27 2.12 -0.1 -0.24 0.03 1.19 -0.86 -0.08 0.1 0.24 -0.03 -1.18 0.86 0.08
0.0 0.0 0.76 1.27 -2.13 -0.76 -1.27 2.13 -0.1 -0.25 0.03 1.18 -0.86 -0.08 0.1 0.25 -0.03 -1.17 0.86 0.08
0.0 0.0 0.76 1.27 -2.13 -0.76 -1.27 2.13 -0.1 -0.25 0.03 1.18 -0.85 -0.08 0.1 0.25 -0.03 -1.17 0.85 0.08
0.0 0.0 0.76 1.27 -2.14 -0.76 -1.27 2.14 -0.1 -0.26 0.03 1.18 -0.85 -0.09 0.1 0.25 -0.03 -1.17 0.85 0.09
0.0 0.0 0.75 1.27 -2.15 -0.75 -1.27 2.15 -0.1 -0.26 0.03 1.18 -0.85 -0.09 0.1 0.26 -0.03 -1.17 0.85 0.09
0.0 0.0 0.75 1.27 -2.15 -0.75 -1.27 2.15 -0.1 -0.27 0.03 1.17 -0.84 -0.09 0.1 0.26 -0.03 -1.16 0.84 0.09
0.0 0.0 0.75 1.27 -2.16 -0.75 -1.27 2.16 -0.1 -0.27 0.03 1.17 -0.84 -0.09 0.1 0.27 -0.03 -1.16 0.84 0.09
0.0 0.0 0.74 1.26 -2.17 -0.74 -1.26 2.17 -0.1 -0.27 0.03 1.17 -0.84 -0.09 0.1 0.27 -0.03 -1.16 0.84 0.09
0.0 0.0 0.74 1.26 -2.17 -0.74 -1.26 2.17 -0.1 -0.28 0.03 1.17 -0.84 -0.09 0.1 0.28 -0.03 -1.16 0.84 0.09
0.0 0.0 0.74 1.26 -2.18 -0.74 -1.26 2.18 -0.1 -0.28 0.03 1.16 -0.83 -0.09 0.1 0.28 -0.03 -1.16 0.83 0.09
0.0 0.0 0.74 1.26 -2.19 -0.74 -1.26 2.19 -0.1 -0.29 0.03 1.16 -0.83 -0.09 0.1 0.28 -0.03 -1.15 0.83 0.09
0.0 0.0 0.73 1.26 -2.19 -0.73 -1.26 2.19 -0.1 -0.29 0.03 1.16 -0.83 -0.09 0.1 0.29 -0.03 -1.15 0.83 0.09
0.0 0.0 0.73 1.26 -2.2 -0.73 -1.26 2.2 -0.1 -0.3 0.03 1.16 -0.83 -0.09 0.1 0.29 -0.03 -1.15 0.83 0.09
0.0 0.0 0.73 1.26 -2.2 -0.73 -1.26 2.2 -0.1 -0.3 0.03 1.16 -0.82 -0.09 0.1 0.3 -0.03 -1.15 0.82 0.09
0.0 0.0 0.72 1.26 -2.21 -0.72 -1.26 2.21 -0.1 -0.3 0.03 1.15 -0.82 -0.09 0.1 0.3 -0.03 -1.15 0.82 0.09
0.0 0.0 0.72 1.26 -2.22 -0.72 -1.26 2.22 -0.11 -0.31 0.03 1.15 -0.82 -0.09 0.11 0.31 -0.03 -1.14 0.82 0.09
0.0 0.0 0.72 1.26 -2.22 -0.72 -1.26 2.22 -0.11 -0.31 0.03 1.15 -0.81 -0.09 0.11 0.31 -0.03 -1.14 0.81 0.09
0.0 0.0 0.71 1.26 -2.23 -0.71 -1.26 2.23 -0.11 -0.32 0.03 1.15 -0.81 -0.09 0.11 0.31 -0.03 -1.14 0.81 0.09
0.0 0.0 0.71 1.26 -2.23 -0.71 -1.26 2.23 -0.11 -0.32 0.03 1.14 -0.81 -0.09 0.11 0.32 -0.03 -1.14 0.81 0.09
0.0 0.0 0.71 1.26 -2.24 -0.71 -1.26 2.24 -0.11 -0.32 0.03 1.14 -0.81 -0.09 0.11 0.32 -0.03 -1.13 0.81 0.09
0.0 0.0 0.71 1.26 -2.25 -0.71 -1.26 2.25 -0.11 -0.33 0.03 1.14 -0.8 -0.09 0.11 0.33 -0.03 -1.13 0.8 0.09
0.0 0.0 0.7 1.26 -2.25 -0.7 -1.26 2.25 -0.11 -0.33 0.03 1.14 -0.8 -0.09 0.11 0.33 -0.03 -1.13 0.8 0.09
0.0 0.0 0.7 1.26 -2.26 -0.7 -1.26 2.26 -0.11 -0.34 0.03 1.14 -0.8 -0.09 0.11 0.33 -0.03 -1.13 0.8 0.09
0.0 0.0 0.7 1.26 -2.26 -0.7 -1.26 2.26 -0.11 -0.34 0.03 1.13 -0.8 -0.09 0.11 0.34 -0.03 -1.13 0.8 0.09
0.0 0.0 0.69 1.25 -2.27 -0.69 -1.25 2.27 -0.11 -0.34 0.03 1.13 -0.79 -0.09 0.11 0.34 -0.03 -1.12 0.79 0.09
0.0 0.0 0.69 1.25 -2.27 -0.69 -1.25 2.27 -0.11 -0.35 0.03 1.13 -0.79 -0.09 0.11 0.35 -0.03 -1.12 0.79 0.09
0.0 0.0 0.69 1.25 -2.28 -0.69 -1.25 2.28 -0.11 -0.35 0.03 1.13 -0.79 -0.09 0.11 0.35 -0.03 -1.12 0.79 0.09
0.0 0.0 0.69 1.25 -2.29 -0.69 -1.25 2.29 -0.11 -0.35 0.03 1.12 -0.79 -0.09 0.11 0.35 -0.03 -1.12 0.79 0.09
0.0 0.0 0.68 1.25 -2.29 -0.68 -1.25 2.29 -0.11 -0.36 0.03 1.12 -0.78 -0.09 0.11 0.36 -0.03 -1.12 0.78 0.09
0.0 0.0 0.68 1.25 -2.3 -0.68 -1.25 2.3 -0.11 -0.36 0.03 1.12 -0.78 -0.09 0.11 0.36 -0.03 -1.11 0.78 0.09
0.0 0.0 0.68 1.25 -2.3 -0.68 -1.25 2.3 -0.11 -0.37 0.03 1.12 -0.78 -0.09 0.11 0.36 -0.03 -1.11 0.78 0.09
0.0 0.0 0.67 1.25 -2.31 -0.67 -1.25 2.31 -0.11 -0.37 0.03 1.12 -0.78 -0.09 0.11 0.37 -0.03 -1.11 0.78 0.09
0.0 0.0 0.67 1.25 -2.31 -0.67 -1.25 2.31 -0.11 -0.37 0.03 1.11 -0.77 -0.09 0.11 0.37 -0.03 -1.11 0.77 0.09
0.0 0.0 0.67 1.25 -2.32 -0.67 -1.25 2.32 -0.11 -0.38 0.03 1.11 -0.77 -0.09 0.11 0.37 -0.03 -1.11 0.77 0.09
0.0 0.0 0.67 1.25 -2.32 -0.67 -1.25 2.32 -0.11 -0.38 0.03 1.11 -0.77 -0.09 0.11 0.38 -0.03 -1.11 0.77 0.09
0.0 0.0 0.66 1.25 -2.33 -0.66 -1.25 2.33 -0.11 -0.38 0.03 1.11 -0.77 -0.09 0.11 0.38 -0.03 -1.1 0.77 0.09
0.0 0.0 0.66 1.25 -2.33 -0.66 -1.25 2.33 -0.11 -0.39 0.03 1.11 -0.77 -0.1 0.11 0.39 -0.03 -1.1 0.77 0.1
0.0 0.0 0.66 1.25 -2.34 -0.66 -1.25 2.34 -0.11 -0.39 0.03 1.1 -0.76 -0.1 0.11 0.39 -0.03 -1.1 0.76 0.1
0.0 0.0 0.66 1.25 -2.34 -0.66 -1.25 2.34 -0.11 -0.39 0.03 1.1 -0.76 -0.1 0.11 0.39 -0.03 -1.1 0.76 0.1
0.0 0.0 0.65 1.25 -2.35 -0.65 -1.25 2.35 -0.11 -0.4 0.03 1.1 -0.76 -0.1 0.11 0.4 -0.03 -1.1 0.76 0.1
0.0 0.0 0.65 1.25 -2.35 -0.65 -1.25 2.35 -0.11 -0.4 0.03 1.1 -0.76 -0.1 0.11 0.4 -0.03 -1.09 0.76 0.1
0.0 0.0 0.65 1.25 -2.36 -0.65 -1.25 2.36 -0.11 -0.4 0.04 1.1 -0.75 -0.1 0.11 0.4 -0.04 -1.09 0.75 0.1
0.0 0.0 0.65 1.25 -2.36 -0.65 -1.25 2.36 -0.11 -0.41 0.04 1.1 -0.75 -0.1 0.11 0.41 -0.04 -1.09 0.75 0.1
0.0 0.0 0.64 1.24 -2.37 -0.64 -1.24 2.37 -0.11 -0.41 0.04 1.09 -0.75 -0.1 0.11 0.41 -0.04 -1.09 0.75 0.1
0.0 0.0 0.64 1.24 -2.37 -0.64 -1.24 2.37 -0.11 -0.41 0.04 1.09 -0.75 -0.1 0.11 0.41 -0.04 -1.09 0.75 0.1
0.0 0.0 0.64 1.24 -2.38 -0.64 -1.24 2.38 -0.12 -0.42 0.04 1.09 -0.75 -0.1 0.12 0.42 -0.04 -1.09 0.75 0.1
0.0 0.0 0.64 1.24 -2.38 -0.64 -1.24 2.38 -0.12 -0.42 0.04 1.09 -0.74 -0.1 0.12 0.42 -0.04 -1.08 0.74 0.1
0.0 0.0 0.64 1.24 -2.39 -0.64 -1.24 2.39 -0.12 -0.42 0.04 1.09 -0.74 -0.1 0.12 0.42 -0.04 -1.08 0.74 0.1
0.0 0.0 0.63 1.24 -2.39 -0.63 -1.24 2.39 -0.12 -0.43 0.04 1.09 -0.74 -0.1 0.12 0.42 -0.04 -1.08 0.74 0.1
0.0 0.0 0.63 1.24 -2.4 -0.63 -1.24 2.4 -0.12 -0.43 0.04 1.08 -0.74 -0.1 0.12 0.43 -0.04 -1.08 0.74 0.1
0.0 0.0 0.63 1.24 -2.4 -0.63 -1.24 2.4 -0.12 -0.43 0.04 1.08 -0.74 -0.1 0.12 0.43 -0.04 -1.08 0.74 0.1
0.0 0.0 0.63 1.24 -2.4 -0.63 -1.24 2.4 -0.12 -0.43 0.04 1.08 -0.73 -0.1 0.12 0.43 -0.04 -1.08 0.73 0.1
0.0 0.0 0.62 1.24 -2.41 -0.62 -1.24 2.41 -0.12 -0.44 0.04 1.08 -0.73 -0.1 0.12 0.44 -0.04 -1.07 0.73 0.1
0.0 0.0 0.62 1.24 -2.41 -0.62 -1.24 2.41 -0.12 -0.44 0.04 1.08 -0.73 -0.1 0.12 0.44 -0.04 -1.07 0.73 0.1
0.0 0.0 0.62 1.24 -2.42 -0.62 -1.24 2.42 -0.12 -0.44 0.04 1.08 -0.73 -0.1 0.12 0.44 -0.04 -1.07 0.73 0.1
0.0 0.0 0.62 1.24 -2.42 -0.62 -1.24 2.42 -0.12 -0.45 0.04 1.07 -0.73 -0.1 0.12 0.45 -0.04 -1.07 0.73 0.1
0.0 0.0 0.62 1.24 -2.43 -0.62 -1.24 2.43 -0.12 -0.45 0.04 1.07 -0.72 -0.1 0.12 0.45 -0.04 -1.07 0.72 0.1
0.0 0.0 0.61 1.24 -2.43 -0.61 -1.24 2.43 -0.12 -0.45 0.04 1.07 -0.72 -0.1 0.12 0.45 -0.04 -1.07 0.72 0.1
0.0 0.0 0.61 1.24 -2.43 -0.61 -1.24 2.43 -0.12 -0.46 0.04 1.07 -0.72 -0.1 0.12 0.45 -0.04 -1.07 0.72 0.1
0.0 0.0 0.61 1.24 -2.44 -0.61 -1.24 2.44 -0.12 -0.46 0.04 1.07 -0.72 -0.1 0.12 0.46 -0.04 -1.06 0.72 0.1
0.0 0.0 0.61 1.24 -2.44 -0.61 -1.24 2.44 -0.12 -0.46 0.04 1.07 -0.72 -0.1 0.12 0.46 -0.04 -1.06 0.72 0.1
0.0 0.0 0.61 1.24 -2.45 -0.61 -1.24 2.45 -0.12 -0.46 0.04 1.06 -0.72 -0.1 0.12 0.46 -0.04 -1.06 0.72 0.1
0.0 0.0 0.6 1.24 -2.45 -0.6 -1.24 2.45 -0.12 -0.47 0.04 1.06 -0.71 -0.1 0.12 0.47 -0.04 -1.06 0.71 0.1
0.0 0.0 0.6 1.24 -2.45 -0.6 -1.24 2.45 -0.12 -0.47 0.04 1.06 -0.71 -0.1 0.12 0.47 -0.04 -1.06 0.71 0.1
0.0 0.0 0.6 1.24 -2.46 -0.6 -1.24 2.46 -0.12 -0.47 0.04 1.06 -0.71 -0.1 0.12 0.47 -0.04 -1.06 0.71 0.1
0.0 0.0 0.6 1.24 -2.46 -0.6 -1.24 2.46 -0.12 -0.47 0.04 1.06 -0.71 -0.1 0.12 0.47 -0.04 -1.06 0.71 0.1
0.0 0.0 0.6 1.24 -2.47 -0.6 -1.24 2.47 -0.12 -0.48 0.04 1.06 -0.71 -0.1 0.12 0.48 -0.04 -1.05 0.71 0.1
0.0 0.0 0.59 1.23 -2.47 -0.59 -1.23 2.47 -0.12 -0.48 0.04 1.06 -0.71 -0.1 0.12 0.48 -0.04 -1.05 0.71 0.1
0.0 0.0 0.59 1.23 -2.47 -0.59 -1.23 2.47 -0.12 -0.48 0.04 1.05 -0.7 -0.1 0.12 0.48 -0.04 -1.05 0.7 0.1
0.0 0.0 0.59 1.23 -2.48 -0.59 -1.23 2.48 -0.12 -0.48 0.04 1.05 -0.7 -0.1 0.12 0.48 -0.04 -1.05 0.7 0.1
0.0 0.0 0.59 1.23 -2.48 -0.59 -1.23 2.48 -0.12 -0.49 0.04 1.05 -0.7 -0.1 0.12 0.49 -0.04 -1.05 0.7 0.1
0.0 0.0 0.59 1.23 -2.48 -0.59 -1.23 2.48 -0.12 -0.49 0.04 1.05 -0.7 -0.1 0.12 0.49 -0.04 -1.05 0.7 0.1
0.0 0.0 0.59 1.23 -2.49 -0.59 -1.23 2.49 -0.12 -0.49 0.04 1.05 -0.7 -0.1 0.12 0.49 -0.04 -1.05 0.7 0.1
0.0 0.0 0.58 1.23 -2.49 -0.58 -1.23 2.49 -0.12 -0.49 0.04 1.05 -0.7 -0.1 0.12 0.49 -0.04 -1.05 0.7 0.1
0.0 0.0 0.58 1.23 -2.49 -0.58 -1.23 2.49 -0.12 -0.49 0.04 1.05 -0.7 -0.1 0.12 0.49 -0.04 -1.04 0.7 0.1
0.0 0.0 0.58 1.23 -2.5 -0.58 -1.23 2.5 -0.12 -0.5 0.04 1.05 -0.69 -0.1 0.12 0.5 -0.04 -1.04 0.69 0.1
0.0 0.0 0.58 1.23 -2.5 -0.58 -1.23 2.5 -0.12 -0.5 0.04 1.04 -0.69 -0.1 0.12 0.5 -0.04 -1.04 0.69 0.1
0.0 0.0 0.58 1.23 -2.5 -0.58 -1.23 2.5 -0.12 -0.5 0.04 1.04 -0.69 -0.1 0.12 0.5 -0.04 -1.04 0.69 0.1
0.0 0.0 0.58 1.23 -2.51 -0.58 -1.23 2.51 -0.12 -0.5 0.04 1.04 -0.69 -0.1 0.12 0.5 -0.04 -1.04 0.69 0.1
0.0 0.0 0.57 1.23 -2.51 -0.57 -1.23 2.51 -0.12 -0.51 0.04 1.04 -0.69 -0.1 0.12 0.51 -0.04 -1.04 0.69 0.1
0.0 0.0 0.57 1.23 -2.51 -0.57 -1.23 2.51 -0.12 -0.51 0.04 1.04 -0.69 -0.1 0.12 0.51 -0.04 -1.04 0.69 0.1
0.0 0.0 0.57 1.23 -2.52 -0.57 -1.23 2.52 -0.12 -0.51 0.04 1.04 -0.69 -0.1 0.12 0.51 -0.04 -1.04 0.69 0.1
0.0 0.0 0.57 1.23 -2.52 -0.57 -1.23 2.52 -0.12 -0.51 0.04 1.04 -0.68 -0.1 0.12 0.51 -0.04 -1.04 0.68 0.1
0.0 0.0 0.57 1.23 -2.52 -0.57 -1.23 2.52 -0.12 -0.51 0.04 1.04 -0.68 -0.1 0.12 0.51 -0.04 -1.03 0.68 0.1
0.0 0.0 0.57 1.23 -2.52 -0.57 -1.23 2.52 -0.12 -0.52 0.04 1.04 -0.68 -0.11 0.12 0.52 -0.04 -1.03 0.68 0.11
0.0 0.0 0.57 1.23 -2.53 -0.57 -1.23 2.53 -0.12 -0.52 0.04 1.03 -0.68 -0.11 0.12 0.52 -0.04 -1.03 0.68 0.11
0.0 0.0 0.56 1.23 -2.53 -0.56 -1.23 2.53 -0.12 -0.52 0.04 1.03 -0.68 -0.11 0.12 0.52 -0.04 -1.03 0.68 0.11
0.0 0.0 0.56 1.23 -2.53 -0.56 -1.23 2.53 -0.12 -0.52 0.04 1.03 -0.68 -0.11 0.12 0.52 -0.04 -1.03 0.68 0.11
0.0 0.0 0.56 1.23 -2.54 -0.56 -1.23 2.54 -0.12 -0.52 0.04 1.03 -0.68 -0.11 0.12 0.52 -0.04 -1.03 0.68 0.11
0.0 0.0 0.56 1.23 -2.54 -0.56 -1.23 2.54 -0.12 -0.52 0.04 1.03 -0.68 -0.11 0.12 0.52 -0.04 -1.03 0.68 0.11
0.0 0.0 0.56 1.23 -2.54 -0.56 -1.23 2.54 -0.13 -0.53 0.04 1.03 -0.67 -0.11 0.13 0.53 -0.04 -1.03 0.67 0.11
0.0 0.0 0.56 1.23 -2.54 -0.56 -1.23 2.54 -0.13 -0.53 0.04 1.03 -0.67 -0.11 0.13 0.53 -0.04 -1.03 0.67 0.11
0.0 0.0 0.56 1.23 -2.55 -0.56 -1.23 2.55 -0.13 -0.53 0.04 1.03 -0.67 -0.11 0.13 0.53 -0.04 -1.03 0.67 0.11
0.0 0.0 0.56 1.23 -2.55 -0.56 -1.23 2.55 -0.13 -0.53 0.04 1.03 -0.67 -0.11 0.13 0.53 -0.04 -1.03 0.67 0.11
0.0 0.0 0.55 1.23 -2.55 -0.55 -1.23 2.55 -0.13 -0.53 0.04 1.03 -0.67 -0.11 0.13 0.53 -0.04 -1.02 0.67 0.11
0.0 0.0 0.55 1.23 -2.55 -0.55 -1.23 2.55 -0.13 -0.53 0.04 1.03 -0.67 -0.11 0.13 0.53 -0.04 -1.02 0.67 0.11
0.0 0.0 0.55 1.23 -2.55 -0.55 -1.23 2.55 -0.13 -0.54 0.04 1.02 -0.67 -0.11 0.13 0.54 -0.04 -1.02 0.67 0.11
0.0 0.0 0.55 1.23 -2.56 -0.55 -1.23 2.56 -0.13 -0.54 0.04 1.02 -0.67 -0.11 0.13 0.54 -0.04 -1.02 0.67 0.11
0.0 0.0 0.55 1.23 -2.56 -0.55 -1.23 2.56 -0.13 -0.54 0.04 1.02 -0.67 -0.11 0.13 0.54 -0.04 -1.02 0.67 0.11
0.0 0.0 0.55 1.23 -2.56 -0.55 -1.23 2.56 -0.13 -0.54 0.04 1.02 -0.67 -0.11 0.13 0.54 -0.04 -1.02 0.67 0.11
0.0 0.0 0.55 1.23 -2.56 -0.55 -1.23 2.56 -0.13 -0.54 0.04 1.02 -0.66 -0.11 0.13 0.54 -0.04 -1.02 0.66 0.11
0.0 0.0 0.55 1.23 -2.57 -0.55 -1.23 2.57 -0.13 -0.54 0.04 1.02 -0.66 -0.11 0.13 0.54 -0.04 -1.02 0.66 0.11
0.0 0.0 0.55 1.23 -2.57 -0.55 -1.23 2.57 -0.13 -0.54 0.04 1.02 -0.66 -0.11 0.13 0.54 -0.04 -1.02 0.66 0.11
0.0 0.0 0.54 1.22 -2.57 -0.54 -1.22 2.57 -0.13 -0.55 0.04 1.02 -0.66 -0.11 0.13 0.55 -0.04 -1.02 0.66 0.11
0.0 0.0 0.54 1.22 -2.57 -0.54 -1.22 2.57 -0.13 -0.55 0.04 1.02 -0.66 -0.11 0.13 0.55 -0.04 -1.02 0.66 0.11
0.0 0.0 0.54 1.22 -2.57 -0.54 -1.22 2.57 -0.13 -0.55 0.04 1.02 -0.66 -0.11 0.13 0.55 -0.04 -1.02 0.66 0.11
0.0 0.0 0.54 1.22 -2.58 -0.54 -1.22 2.58 -0.13 -0.55 0.04 1.02 -0.66 -0.11 0.13 0.55 -0.04 -1.02 0.66 0.11
0.0 0.0 0.54 1.22 -2.58 -0.54 -1.22 2.58 -0.13 -0.55 0.04 1.02 -0.66 -0.11 0.13 0.55 -0.04 -1.02 0.66 0.11
0.0 0.0 0.54 1.22 -2.58 -0.54 -1.22 2.58 -0.13 -0.55 0.04 1.02 -0.66 -0.11 0.13 0.55 -0.04 -1.01 0.66 0.11
0.0 0.0 0.54 1.22 -2.58 -0.54 -1.22 2.58 -0.13 -0.55 0.04 1.01 -0.66 -0.11 0.13 0.55 -0.04 -1.01 0.66 0.11
0.0 0.0 0.54 1.22 -2.58 -0.54 -1.22 2.58 -0.13 -0.55 0.04 1.01 -0.66 -0.11 0.13 0.55 -0.04 -1.01 0.66 0.11
0.0 0.0 0.54 1.22 -2.58 -0.54 -1.22 2.58 -0.13 -0.56 0.04 1.01 -0.66 -0.11 0.13 0.56 -0.04 -1.01 0.66 0.11
0.0 0.0 0.54 1.22 -2.59 -0.54 -1.22 2.59 -0.13 -0.56 0.04 1.01 -0.66 -0.11 0.13 0.56 -0.04 -1.01 0.66 0.11
0.0 0.0 0.54 1.22 -2.59 -0.54 -1.22 2.59 -0.13 -0.56 0.04 1.01 -0.65 -0.11 0.13 0.56 -0.04 -1.01 0.65 0.11
0.0 0.0 0.54 1.22 -2.59 -0.54 -1.22 2.59 -0.13 -0.56 0.04 1.01 -0.65 -0.11 0.13 0.56 -0.04 -1.01 0.65 0.11
0.0 0.0 0.54 1.22 -2.59 -0.54 -1.22 2.59 -0.13 -0.56 0.04 1.01 -0.65 -0.11 0.13 0.56 -0.04 -1.01 0.65 0.11
0.0 0.0 0.53 1.22 -2.59 -0.53 -1.22 2.59 -0.13 -0.56 0.04 1.01 -0.65 -0.11 0.13 0.56 -0.04 -1.01 0.65 0.11
0.0 0.0 0.53 1.22 -2.59 -0.53 -1.22 2.59 -0.13 -0.56 0.04 1.01 -0.65 -0.11 0.13 0.56 -0.04 -1.01 0.65 0.11
0.0 0.0 0.53 1.22 -2.59 -0.53 -1.22 2.59 -0.13 -0.56 0.04 1.01 -0.65 -0.11 0.13 0.56 -0.04 -1.01 0.65 0.11
0.0 0.0 0.53 1.22 -2.59 -0.53 -1.22 2.59 -0.13 -0.56 0.04 1.01 -0.65 -0.11 0.13 0.56 -0.04 -1.01 0.65 0.11
0.0 0.0 0.53 1.22 -2.6 -0.53 -1.22 2.6 -0.13 -0.56 0.04 1.01 -0.65 -0.11 0.13 0.56 -0.04 -1.01 0.65 0.11
0.0 0.0 0.53 1.22 -2.6 -0.53 -1.22 2.6 -0.13 -0.56 0.04 1.01 -0.65 -0.11 0.13 0.56 -0.04 -1.01 0.65 0.11
0.0 0.0 0.53 1.22 -2.6 -0.53 -1.22 2.6 -0.13 -0.57 0.04 1.01 -0.65 -0.11 0.13 0.57 -0.04 -1.01 0.65 0.11
0.0 0.0 0.53 1.22 -2.6 -0.53 -1.22 2.6 -0.13 -0.57 0.04 1.01 -0.65 -0.11 0.13 0.57 -0.04 -1.01 0.65 0.11
0.0 0.0 0.53 1.22 -2.6 -0.53 -1.22 2.6 -0.13 -0.57 0.04 1.01 -0.65 -0.11 0.13 0.57 -0.04 -1.01 0.65 0.11
0.0 0.0 0.53 1.22 -2.6 -0.53 -1.22 2.6 -0.13 -0.57 0.04 1.01 -0.65 -0.11 0.13 0.57 -0.04 -1.01 0.65 0.11
0.0 0.0 0.53 1.22 -2.6 -0.53 -1.22 2.6 -0.13 -0.57 0.04 1.01 -0.65 -0.11 0.13 0.57 -0.04 -1.01 0.65 0.11
0.0 0.0 0.53 1.22 -2.6 -0.53 -1.22 2.6 -0.13 -0.57 0.04 1.01 -0.65 -0.11 0.13 0.57 -0.04 -1.01 0.65 0.11
0.0 0.0 0.53 1.22 -2.6 -0.53 -1.22 2.6 -0.13 -0.57 0.04 1.01 -0.65 -0.11 0.13 0.57 -0.04 -1.01 0.65 0.11
0.0 0.0 0.53 1.22 -2.61 -0.53 -1.22 2.61 -0.13 -0.57 0.04 1.01 -0.65 -0.11 0.13 0.57 -0.04 -1.01 0.65 0.11
0.0 0.0 0.53 1.22 -2.61 -0.53 -1.22 2.61 -0.13 -0.57 0.04 1.01 -0.65 -0.11 0.13 0.57 -0.04 -1.0 0.65 0.11
0.0 0.0 0.53 1.22 -2.61 -0.53 -1.22 2.61 -0.13 -0.57 0.04 1.0 -0.65 -0.11 0.13 0.57 -0.04 -1.0 0.65 0.11
0.0 0.0 0.53 1.22 -2.61 -0.53 -1.22 2.61 -0.13 -0.57 0.04 1.0 -0.65 -0.11 0.13 0.57 -0.04 -1.0 0.65 0.11
0.0 0.0 0.53 1.22 -2.61 -0.53 -1.22 2.61 -0.13 -0.57 0.04 1.0 -0.64 -0.11 0.13 0.57 -0.04 -1.0 0.64 0.11
0.0 0.0 0.53 1.22 -2.61 -0.53 -1.22 2.61 -0.13 -0.57 0.04 1.0 -0.64 -0.11 0.13 0.57 -0.04 -1.0 0.64 0.11
0.0 0.0 0.52 1.22 -2.61 -0.52 -1.22 2.61 -0.13 -0.57 0.04 1.0 -0.64 -0.11 0.13 0.57 -0.04 -1.0 0.64 0.11
0.0 0.0 0.52 1.22 -2.61 -0.52 -1.22 2.61 -0.13 -0.57 0.04 1.0 -0.64 -0.11 0.13 0.57 -0.04 -1.0 0.64 0.11
0.0 0.0 0.52 1.22 -2.61 -0.52 -1.22 2.61 -0.13 -0.57 0.04 1.0 -0.64 -0.11 0.13 0.57 -0.04 -1.0 0.64 0.11
0.0 0.0 0.52 1.22 -2.61 -0.52 -1.22 2.61 -0.13 -0.57 0.04 1.0 -0.64 -0.11 0.13 0.57 -0.04 -1.0 0.64 0.11
0.0 0.0 0.52 1.22 -2.61 -0.52 -1.22 2.61 -0.13 -0.58 0.04 1.0 -0.64 -0.11 0.13 0.58 -0.04 -1.0 0.64 0.11
0.0 0.0 0.52 1.22 -2.61 -0.52 -1.22 2.61 -0.13 -0.58 0.04 1.0 -0.64 -0.11 0.13 0.58 -0.04 -1.0 0.64 0.11
0.0 0.0 0.52 1.22 -2.61 -0.52 -1.22 2.61 -0.13 -0.58 0.04 1.0 -0.64 -0.11 0.13 0.58 -0.04 -1.0 0.64 0.11
0.0 0.0 0.52 1.22 -2.61 -0.52 -1.22 2.61 -0.13 -0.58 0.04 1.0 -0.64 -0.11 0.13 0.58 -0.04 -1.0 0.64 0.11
0.0 0.0 0.52 1.22 -2.61 -0.52 -1.22 2.61 -0.13 -0.58 0.04 1.0 -0.64 -0.11 0.13 0.58 -0.04 -1.0 0.64 0.11
0.0 0.0 0.52 1.22 -2.62 -0.52 -1.22 2.62 -0.13 -0.58 0.04 1.0 -0.64 -0.11 0.13 0.58 -0.04 -1.0 0.64 0.11
0.0 0.0 0.52 1.22 -2.62 -0.52 -1.22 2.62 -0.13 -0.58 0.04 1.0 -0.64 -0.11 0.13 0.58 -0.04 -1.0 0.64 0.11
0.0 0.0 0.52 1.22 -2.62 -0.52 -1.22 2.62 -0.13 -0.58 0.04 1.0 -0.64 -0.11 0.13 0.58 -0.04 -1.0 0.64 0.11
0.0 0.0 0.52 1.22 -2.62 -0.52 -1.22 2.62 -0.13 -0.58 0.04 1.0 -0.64 -0.11 0.13 0.58 -0.04 -1.0 0.64 0.11
0.0 0.0 0.52 1.22 -2.62 -0.52 -1.22 2.62 -0.13 -0.58 0.04 1.0 -0.64 -0.11 0.13 0.58 -0.04 -1.0 0.64 0.11
0.0 0.0 0.52 1.22 -2.62 -0.52 -1.22 2.62 -0.13 -0.58 0.04 1.0 -0.64 -0.11 0.13 0.58 -0.04 -1.0 0.64 0.11
0.0 0.0 0.52 1.22 -2.62 -0.52 -1.22 2.62 -0.13 -0.58 0.04 1.0 -0.64 -0.11 0.13 0.58 -0.04 -1.0 0.64 0.11
0.0 0.0 0.52 1.22 -2.62 -0.52 -1.22 2.62 -0.13 -0.58 0.04 1.0 -0.64 -0.11 0.13 0.58 -0.04 -1.0 0.64 0.11
0.0 0.0 0.52 1.22 -2.62 -0.52 -1.22 2.62 -0.13 -0.58 0.04 1.0 -0.64 -0.11 0.13 0.58 -0.04 -1.0 0.64 0.11
0.0 0.0 0.52 1.22 -2.62 -0.52 -1.22 2.62 -0.13 -0.58 0.04 1.0 -0.64 -0.11 0.13 0.58 -0.04 -1.0 0.64 0.11
0.0 0.0 0.52 1.22 -2.62 -0.52 -1.22 2.62 -0.13 -0.58 0.04 1.0 -0.64 -0.11 0.13 0.58 -0.04 -1.0 0.64 0.11
0.0 0.0 0.52 1.22 -2.62 -0.52 -1.22 2.62 -0.13 -0.58 0.04 1.0 -0.64 -0.11 0.13 0.58 -0.04 -1.0 0.64 0.11
0.0 0.0 0.52 1.22 -2.62 -0.52 -1.22 2.62 -0.13 -0.58 0.04 1.0 -0.64 -0.11 0.13 0.58 -0.04 -1.0 0.64 0.11
0.0 0.0 0.52 1.22 -2.62 -0.52 -1.22 2.62 -0.13 -0.58 0.04 1.0 -0.64 -0.11 0.13 0.58 -0.04 -1.0 0.64 0.11
0.0 0.0 0.52 1.22 -2.62 -0.52 -1.22 2.62 -0.13 -0.58 0.04 1.0 -0.64 -0.11 0.13 0.58 -0.04 -1.0 0.64 0.11
0.0 0.0 0.52 1.22 -2.62 -0.52 -1.22 2.62 -0.13 -0.58 0.04 1.0 -0.64 -0.11 0.13 0.58 -0.04 -1.0 0.64 0.11
0.0 0.0 0.52 1.22 -2.62 -0.52 -1.22 2.62 -0.13 -0.58 0.04 1.0 -0.64 -0.11 0.13 0.58 -0.04 -1.0 0.64 0.11
0.0 0.0 0.52 1.22 -2.62 -0.52 -1.22 2.62 -0.13 -0.58 0.04 1.0 -0.64 -0.11 0.13 0.58 -0.04 -1.0 0.64 0.11
0.0 0.0 0.52 1.22 -2.62 -0.52 -1.22 2.62 -0.13 -0.58 0.04 1.0 -0.64 -0.11 0.13 0.58 -0.04 -1.0 0.64 0.11
0.0 0.0 0.52 1.22 -2.62 -0.52 -1.22 2.62 -0.13 -0.58 0.04 1.0 -0.64 -0.11 0.13 0.58 -0.04 -1.0 0.64 0.11
0.0 0.0 0.52 1.22 -2.62 -0.52 -1.22 2.62 -0.13 -0.58 0.04 1.0 -0.64 -0.11 0.13 0.58 -0.04 -1.0 0.64 0.11
0.0 0.0 0.52 1.22 -2.62 -0.52 -1.22 2.62 -0.13 -0.58 0.04 1.0 -0.64 -0.11 0.13 0.58 -0.04 -1.0 0.64 0.11
0.0 0.0 0.52 1.22 -2.62 -0.52 -1.22 2.62 -0.13 -0.58 0.04 1.0 -0.64 -0.11 0.13 0.58 -0.04 -1.0 0.64 0.11
0.0 0.0 0.52 1.22 -2.62 -0.52 -1.22 2.62 -0.13 -0.58 0.04 1.0 -0.64 -0.11 0.13 0.58 -0.04 -1.0 0.64 0.11
0.0 0.0 0.52 1.22 -2.62 -0.52 -1.22 2.62 -0.13 -0.58 0.04 1.0 -0.64 -0.11 0.13 0.58 -0.04 -1.0 0.64 0.11
0.0 0.0 0.52 1.22 -2.62 -0.52 -1.22 2.62 -0.13 -0.58 0.04 1.0 -0.64 -0.11 0.13 0.58 -0.04 -1.0 0.64 0.11
0.0 0.0 0.52 1.22 -2.62 -0.52 -1.22 2.62 -0.13 -0.58 0.04 1.0 -0.64 -0.11 0.13 0.58 -0.04 -1.0 0.64 0.11
0.0 0.0 0.52 1.22 -2.62 -0.52 -1.22 2.62 -0.13 -0.58 0.04 1.0 -0.64 -0.11 0.13 0.58 -0.04 -1.0 0.64 0.11
0.0 0.0 0.52 1.22 -2.62 -0.52 -1.22 2.62 -0.13 -0.58 0.04 1.0 -0.64 -0.11 0.13 0.58 -0.04 -1.0 0.64 0.11
0.0 0.0 0.52 1.22 -2.62 -0.52 -1.22 2.62 -0.13 -0.58 0.04 1.0 -0.64 -0.11 0.13 0.58 -0.04 -1.0 0.64 0.11
0.0 0.0 0.52 1.22 -2.62 -0.52 -1.22 2.62 -0.13 -0.58 0.04 1.0 -0.64 -0.11 0.13 0.58 -0.04 -1.0 0.64 0.11
0.0 0.0 0.52 1.22 -2.62 -0.52 -1.22 2.62 -0.13 -0.58 0.04 1.0 -0.64 -0.11 0.13 0.58 -0.04 -1.0 0.64 0.11
